"591982","2","-0.007","0.007","-0.007"
"591983","1","-0.052","-0.013","0.111"
"591990","2","-0.008","-0.001","-0.006"
"591990","1","-0.056","-0.059","0.110"
"591992","2","-0.010","-0.009","-0.007"
"591997","2","-0.012","-0.013","-0.006"
"591998","1","-0.019","-0.089","0.152"
"592000","2","-0.010","-0.019","-0.006"
"592007","1","0.049","-0.069","0.107"
"592008","2","-0.007","-0.021","-0.006"
"592015","1","0.084","-0.079","0.050"
"592016","2","0.001","-0.014","-0.009"
"592018","1","0.088","-0.076","0.050"
"592021","2","0.007","-0.009","-0.011"
"592022","1","0.079","-0.077","0.029"
"592026","1","0.052","-0.077","0.019"
"592027","2","0.010","-0.002","-0.015"
"592031","2","0.015","0.003","-0.014"
"592032","1","0.013","-0.059","-0.002"
"592038","1","-0.004","-0.059","-0.006"
"592043","1","-0.031","-0.064","-0.009"
"592044","2","0.018","0.001","-0.012"
"592046","2","0.020","-0.000","-0.014"
"592046","1","-0.067","-0.045","-0.022"
"592051","2","0.021","-0.004","-0.016"
"592052","1","-0.057","-0.025","-0.016"
"592056","2","0.018","-0.006","-0.015"
"592057","1","-0.031","0.002","-0.011"
"592061","1","-0.004","0.044","-0.018"
"592061","2","0.018","-0.007","-0.012"
"592068","1","0.023","0.078","-0.049"
"592072","2","0.010","-0.003","-0.009"
"592072","1","0.023","0.068","-0.064"
"592077","2","0.003","0.003","-0.009"
"592077","1","0.009","0.067","-0.058"
"592082","1","0.003","0.090","-0.025"
"592082","2","-0.006","0.009","-0.010"
"592086","2","-0.016","0.010","-0.011"
"592087","1","-0.005","0.078","0.028"
"592091","2","-0.023","0.010","-0.014"
"592096","2","-0.031","0.009","-0.014"
"592099","1","-0.030","0.061","0.040"
"592102","2","-0.034","0.003","-0.010"
"592102","1","-0.028","0.048","0.050"
"592107","2","-0.031","0.001","-0.007"
"592107","1","-0.026","0.032","0.065"
"592112","2","-0.028","-0.002","-0.007"
"592113","1","-0.030","0.023","0.061"
"592117","2","-0.025","-0.007","-0.007"
"592117","1","-0.023","0.033","0.060"
"592122","1","-0.016","0.029","0.038"
"592128","1","-0.009","0.011","0.007"
"592128","2","-0.005","-0.010","-0.005"
"592132","2","0.005","-0.012","-0.004"
"592133","1","0.014","0.009","0.033"
"592137","2","0.020","-0.013","-0.006"
"592137","1","0.026","0.005","0.038"
"592142","1","-0.000","-0.013","-0.013"
"592143","2","0.034","-0.013","-0.002"
"592147","2","0.047","-0.015","0.002"
"592153","2","0.057","-0.017","0.004"
"592154","1","-0.025","-0.057","0.008"
"592158","1","-0.027","-0.076","-0.015"
"592158","2","0.061","-0.016","0.001"
"592163","2","0.064","-0.015","-0.003"
"592164","1","-0.015","-0.062","-0.060"
"592168","1","-0.015","-0.015","-0.100"
"592168","2","0.060","-0.015","-0.003"
"592173","2","0.054","-0.015","-0.005"
"592173","1","-0.004","0.034","-0.135"
"592178","2","0.044","-0.015","-0.006"
"592183","2","0.028","-0.011","-0.004"
"592183","1","0.065","0.104","-0.085"
"592188","2","0.010","-0.008","-0.002"
"592188","1","0.076","0.137","-0.033"
"592192","2","-0.006","-0.005","-0.003"
"592193","1","0.078","0.138","0.005"
"592198","1","0.075","0.106","0.039"
"592198","2","-0.028","-0.004","-0.005"
"592203","1","0.065","0.069","0.094"
"592208","2","-0.054","-0.004","-0.008"
"592209","1","0.053","0.044","0.128"
"592213","1","0.060","0.015","0.098"
"592214","2","-0.057","-0.006","-0.007"
"592218","1","0.073","-0.022","0.075"
"592219","2","-0.052","-0.007","-0.004"
"592223","1","0.082","-0.031","0.022"
"592224","2","-0.040","-0.006","-0.001"
"592228","1","0.081","-0.026","-0.058"
"592229","2","-0.021","-0.007","0.004"
"592234","2","0.001","-0.009","0.007"
"592238","2","0.023","-0.009","0.008"
"592239","1","0.064","-0.080","-0.104"
"592243","2","0.044","-0.010","0.008"
"592244","1","0.050","-0.073","-0.139"
"592248","2","0.063","-0.013","0.010"
"592249","1","0.029","-0.056","-0.119"
"592253","2","0.076","-0.012","0.012"
"592254","1","0.012","-0.030","-0.074"
"592259","2","0.085","-0.008","0.015"
"592263","2","0.084","-0.006","0.017"
"592264","1","-0.025","0.052","-0.083"
"592269","2","0.080","-0.005","0.018"
"592269","1","-0.053","0.105","-0.062"
"592274","2","0.068","-0.001","0.016"
"592274","1","-0.039","0.161","-0.064"
"592279","1","-0.018","0.191","-0.054"
"592279","2","0.055","0.000","0.013"
"592284","2","0.036","0.001","0.009"
"592284","1","-0.012","0.206","-0.023"
"592289","2","0.012","0.003","0.002"
"592294","2","-0.011","0.007","-0.004"
"592295","1","0.025","0.123","-0.007"
"592299","2","-0.029","0.010","-0.006"
"592300","1","0.044","0.095","0.040"
"592304","2","-0.042","0.015","-0.006"
"592305","1","0.067","0.077","0.081"
"592309","2","-0.051","0.015","-0.004"
"592310","1","0.067","0.060","0.146"
"592314","2","-0.052","0.016","0.003"
"592321","2","-0.046","0.014","0.008"
"592322","1","-0.003","0.032","0.121"
"592324","2","-0.033","0.010","0.012"
"592325","1","-0.039","-0.001","0.105"
"592335","2","-0.001","0.004","0.013"
"592336","1","-0.063","-0.048","0.053"
"592339","2","0.021","0.002","0.014"
"592341","1","-0.082","-0.064","0.025"
"592344","2","0.036","-0.001","0.016"
"592345","1","-0.089","-0.064","-0.000"
"592353","1","-0.094","-0.053","-0.006"
"592355","2","0.061","0.000","0.019"
"592356","1","-0.109","-0.042","0.003"
"592360","2","0.069","0.001","0.019"
"592360","1","-0.117","-0.021","-0.014"
"592365","2","0.070","0.002","0.021"
"592365","1","-0.115","0.012","-0.038"
"592370","2","0.065","0.005","0.017"
"592372","1","-0.121","0.037","-0.029"
"592375","2","0.050","0.006","0.007"
"592380","2","0.027","0.008","0.004"
"592380","1","-0.169","0.084","-0.145"
"592385","2","-0.005","0.014","0.004"
"592385","1","-0.154","0.100","-0.183"
"592390","2","-0.041","0.020","0.011"
"592390","1","-0.117","0.119","-0.123"
"592395","2","-0.065","0.026","0.021"
"592396","1","-0.075","0.123","-0.073"
"592401","2","-0.080","0.026","0.021"
"592403","1","-0.069","0.067","-0.007"
"592407","1","-0.113","-0.039","0.056"
"592411","2","-0.099","0.012","0.000"
"592412","1","-0.134","-0.120","0.102"
"592415","2","-0.110","0.006","-0.007"
"592416","1","-0.139","-0.146","0.132"
"592420","2","-0.106","0.000","-0.004"
"592421","1","-0.101","-0.085","0.069"
"592426","1","-0.076","-0.025","-0.010"
"592427","2","-0.090","0.000","0.001"
"592430","2","-0.069","-0.002","0.011"
"592436","1","-0.003","-0.045","-0.064"
"592437","2","-0.043","-0.005","0.021"
"592440","2","-0.023","-0.009","0.023"
"592440","1","0.021","-0.067","-0.086"
"592445","2","-0.008","-0.008","0.010"
"592445","1","0.027","-0.091","-0.070"
"592450","2","0.007","-0.003","-0.004"
"592450","1","0.054","-0.141","-0.098"
"592455","2","0.024","0.006","-0.008"
"592455","1","0.079","-0.140","-0.094"
"592460","2","0.037","0.012","-0.001"
"592465","2","0.053","0.015","0.017"
"592466","1","0.069","-0.051","-0.117"
"592470","2","0.068","0.016","0.029"
"592471","1","0.036","0.019","-0.143"
"592475","1","-0.014","0.017","-0.119"
"592475","2","0.077","0.012","0.028"
"592480","2","0.081","0.013","0.020"
"592481","1","-0.014","-0.009","-0.097"
"592488","2","0.076","0.015","0.010"
"592493","2","0.061","0.018","0.006"
"592495","1","-0.037","-0.047","-0.048"
"592496","2","0.041","0.023","0.003"
"592497","1","-0.046","-0.054","-0.057"
"592500","2","0.017","0.023","0.004"
"592501","1","-0.031","-0.040","-0.003"
"592505","1","0.004","-0.039","0.009"
"592506","2","-0.008","0.025","0.003"
"592510","1","0.016","-0.042","0.053"
"592511","2","-0.031","0.022","0.003"
"592519","1","0.036","-0.052","0.078"
"592521","2","-0.061","0.020","0.001"
"592522","1","0.098","-0.049","0.114"
"592526","2","-0.064","0.025","0.002"
"592526","1","0.096","-0.003","0.113"
"592531","1","0.083","-0.010","0.086"
"592531","2","-0.061","0.028","0.004"
"592535","1","0.059","-0.026","0.094"
"592536","2","-0.051","0.032","0.003"
"592540","2","-0.035","0.031","0.001"
"592546","2","-0.018","0.030","-0.005"
"592547","1","0.019","-0.075","0.068"
"592551","2","-0.001","0.031","-0.011"
"592551","1","0.021","-0.116","0.018"
"592556","2","0.020","0.028","-0.011"
"592556","1","0.011","-0.143","-0.028"
"592561","1","0.012","-0.147","-0.041"
"592561","2","0.043","0.023","-0.009"
"592566","2","0.061","0.022","-0.009"
"592567","1","0.023","-0.148","-0.096"
"592574","1","0.055","-0.120","-0.059"
"592576","2","0.073","0.031","-0.008"
"592576","1","0.041","-0.101","-0.059"
"592583","2","0.068","0.038","-0.007"
"592584","1","0.025","-0.051","-0.002"
"592586","2","0.051","0.041","-0.008"
"592586","1","-0.012","-0.025","0.057"
"592591","2","0.029","0.042","-0.003"
"592592","1","-0.054","0.029","0.131"
"592596","2","0.008","0.040","0.002"
"592602","2","-0.010","0.035","0.002"
"592603","1","-0.199","0.074","0.155"
"592606","2","-0.031","0.028","-0.002"
"592607","1","-0.247","0.059","0.106"
"592611","1","-0.293","0.015","0.198"
"592612","2","-0.046","0.018","-0.007"
"592616","2","-0.055","0.007","-0.005"
"592617","1","-0.263","0.055","0.240"
"592621","2","-0.053","-0.003","0.004"
"592622","1","-0.249","0.078","0.245"
"592628","1","-0.266","0.049","0.207"
"592632","1","-0.302","-0.010","0.141"
"592633","2","-0.033","-0.018","0.012"
"592636","2","-0.022","-0.021","0.013"
"592637","1","-0.337","-0.035","0.103"
"592642","2","-0.008","-0.025","0.008"
"592642","1","-0.331","-0.029","0.054"
"592646","2","0.002","-0.032","0.005"
"592647","1","-0.306","0.018","0.017"
"592652","2","0.006","-0.035","0.008"
"592657","2","0.011","-0.038","0.009"
"592658","1","-0.282","-0.010","0.056"
"592662","2","0.011","-0.040","0.008"
"592663","1","-0.288","0.004","0.095"
"592667","1","-0.313","0.006","0.169"
"592667","2","0.003","-0.037","0.007"
"592672","2","-0.007","-0.034","0.001"
"592673","1","-0.377","0.001","0.072"
"592677","1","-0.462","0.007","-0.002"
"592678","2","-0.015","-0.031","-0.001"
"592682","1","-0.511","0.032","-0.013"
"592688","2","-0.028","-0.039","0.021"
"592689","1","-0.514","0.027","-0.021"
"592692","2","-0.028","-0.049","0.032"
"592693","1","-0.548","0.003","-0.110"
"592698","1","-0.575","-0.015","-0.097"
"592698","2","-0.023","-0.057","0.035"
"592702","2","-0.018","-0.069","0.039"
"592703","1","-0.553","-0.088","-0.083"
"592708","1","-0.536","-0.148","-0.056"
"592713","1","-0.506","-0.176","0.017"
"592714","2","0.005","-0.084","0.040"
"592718","2","0.016","-0.094","0.042"
"592718","1","-0.454","-0.193","0.055"
"592723","1","-0.350","-0.145","0.096"
"592723","2","0.034","-0.097","0.049"
"592728","1","-0.248","-0.103","0.127"
"592728","2","0.049","-0.102","0.058"
"592733","1","-0.123","-0.058","0.130"
"592733","2","0.062","-0.109","0.061"
"592739","2","0.072","-0.113","0.061"
"592740","1","0.018","0.022","0.088"
"592743","2","0.070","-0.112","0.056"
"592744","1","0.089","0.033","0.093"
"592748","1","0.186","0.016","0.063"
"592749","2","0.066","-0.110","0.049"
"592753","1","0.285","-0.026","0.058"
"592753","2","0.057","-0.108","0.037"
"592758","1","0.390","-0.039","0.043"
"592759","2","0.047","-0.103","0.026"
"592763","2","0.029","-0.097","0.008"
"592773","2","0.003","-0.095","0.003"
"592774","1","0.930","-0.106","0.309"
"592778","2","-0.010","-0.094","-0.003"
"592779","1","1.123","-0.088","0.210"
"592784","2","-0.011","-0.098","-0.013"
"592784","1","1.306","0.023","0.113"
"592789","1","1.490","-0.001","0.308"
"592789","2","-0.009","-0.098","-0.020"
"592793","1","1.650","-0.060","0.483"
"592799","2","-0.032","-0.061","-0.028"
"592799","1","1.743","-0.096","0.490"
"592804","1","1.782","-0.153","0.480"
"592804","2","-0.041","-0.040","-0.041"
"592809","2","-0.045","-0.021","-0.051"
"592809","1","1.804","-0.199","0.513"
"592814","2","-0.050","-0.005","-0.058"
"592814","1","1.767","-0.214","0.547"
"592819","2","-0.051","0.010","-0.058"
"592819","1","1.713","-0.193","0.581"
"592825","1","1.630","-0.102","0.586"
"592830","2","-0.035","0.027","-0.039"
"592830","1","1.476","-0.009","0.568"
"592834","2","-0.028","0.027","-0.031"
"592834","1","1.290","0.046","0.486"
"592839","2","-0.028","0.032","-0.033"
"592840","1","1.164","0.126","0.409"
"592844","1","1.095","0.228","0.415"
"592844","2","-0.044","0.035","-0.042"
"592849","2","-0.079","0.036","-0.049"
"592854","2","-0.119","0.035","-0.050"
"592855","1","1.010","0.481","0.322"
"592859","2","-0.147","0.025","-0.042"
"592860","1","0.970","0.493","0.332"
"592864","1","0.912","0.429","0.316"
"592865","2","-0.177","0.017","-0.025"
"592869","2","-0.204","0.009","-0.015"
"592870","1","0.802","0.334","0.339"
"592874","1","0.639","0.305","0.399"
"592875","2","-0.216","0.009","-0.009"
"592882","1","0.460","0.252","0.289"
"592884","2","-0.189","0.008","-0.016"
"592885","1","0.312","0.177","0.110"
"592890","2","-0.153","0.001","-0.031"
"592890","1","0.227","0.065","-0.068"
"592894","1","0.181","0.043","-0.056"
"592895","2","-0.118","-0.011","-0.044"
"592899","1","0.157","0.045","0.006"
"592900","2","-0.092","-0.023","-0.045"
"592905","1","0.119","0.112","0.067"
"592910","2","-0.047","-0.045","-0.033"
"592910","1","0.057","0.186","0.079"
"592915","2","-0.016","-0.059","-0.028"
"592916","1","-0.052","0.173","0.090"
"592920","2","0.007","-0.072","-0.033"
"592920","1","-0.171","0.115","-0.020"
"592925","1","-0.315","0.042","-0.220"
"592925","2","0.011","-0.082","-0.041"
"592930","2","-0.006","-0.077","-0.055"
"592931","1","-0.464","0.058","-0.165"
"592940","1","-0.739","0.463","-0.631"
"592941","2","0.004","-0.054","-0.049"
"592946","2","0.035","-0.065","-0.031"
"592947","1","-0.947","0.214","-1.685"
"592950","1","-1.275","-0.318","-2.806"
"592951","2","0.042","-0.068","-0.036"
"592955","1","-1.684","-0.762","-3.201"
"592956","2","0.012","-0.027","-0.071"
"592960","1","-2.095","-0.715","-2.675"
"592961","2","-0.042","0.068","-0.114"
"592966","1","-2.459","-0.072","-1.763"
"592970","2","-0.104","0.260","-0.039"
"592971","1","-2.806","0.807","-1.082"
"592976","2","-0.099","0.253","0.066"
"592976","1","-3.097","1.361","-0.696"
"592981","1","-3.241","1.445","-0.338"
"592981","2","-0.106","0.169","0.164"
"592985","1","-3.116","1.166","-0.017"
"592986","2","-0.148","0.053","0.211"
"592990","2","-0.215","-0.056","0.195"
"592996","2","-0.265","-0.133","0.134"
"592996","1","-2.115","0.405","-0.232"
"593001","2","-0.279","-0.172","0.069"
"593001","1","-1.372","0.041","-0.416"
"593006","2","-0.270","-0.168","0.024"
"593006","1","-0.630","-0.274","-0.571"
"593011","2","-0.235","-0.129","0.012"
"593011","1","-0.029","-0.514","-0.574"
"593016","2","-0.169","-0.064","0.033"
"593016","1","0.374","-0.680","-0.591"
"593024","2","-0.069","0.017","0.071"
"593026","2","0.060","0.085","0.106"
"593027","1","0.474","-0.974","-0.649"
"593032","1","0.262","-1.098","-0.564"
"593032","2","0.205","0.137","0.125"
"593036","2","0.350","0.172","0.123"
"593037","1","0.008","-1.143","-0.516"
"593041","1","-0.254","-1.085","-0.509"
"593041","2","0.475","0.176","0.106"
"593046","2","0.573","0.156","0.080"
"593051","2","0.642","0.122","0.058"
"593052","1","-0.541","-0.564","-0.384"
"593056","2","0.672","0.089","0.058"
"593057","1","-0.538","-0.119","-0.177"
"593061","1","-0.526","0.279","0.079"
"593062","2","0.657","0.059","0.075"
"593066","1","-0.495","0.583","0.298"
"593067","2","0.606","0.038","0.094"
"593072","1","-0.441","0.711","0.434"
"593072","2","0.518","0.021","0.104"
"593077","1","-0.437","0.674","0.601"
"593082","1","-0.459","0.563","0.625"
"593082","2","0.245","0.011","0.080"
"593086","2","0.092","0.014","0.050"
"593087","1","-0.454","0.433","0.414"
"593092","1","-0.416","0.336","0.339"
"593092","2","-0.034","0.015","0.035"
"593097","1","-0.325","0.289","0.340"
"593097","2","-0.151","0.025","0.045"
"593102","2","-0.255","0.035","0.071"
"593107","2","-0.313","0.030","0.090"
"593107","1","-0.094","0.047","-0.003"
"593112","2","-0.320","0.017","0.088"
"593113","1","0.037","-0.231","-0.123"
"593117","2","-0.311","0.010","0.065"
"593118","1","0.205","-0.481","-0.155"
"593122","1","0.402","-0.571","-0.167"
"593122","2","-0.299","0.017","0.039"
"593127","2","-0.273","0.040","0.034"
"593128","1","0.590","-0.542","-0.166"
"593135","2","-0.228","0.072","0.047"
"593137","2","-0.174","0.101","0.058"
"593137","1","0.773","-0.601","-0.186"
"593142","2","-0.119","0.120","0.057"
"593143","1","0.824","-0.648","-0.088"
"593147","1","0.814","-0.592","0.115"
"593148","2","-0.082","0.137","0.050"
"593152","2","-0.053","0.149","0.047"
"593153","1","0.753","-0.434","0.369"
"593158","2","-0.027","0.151","0.049"
"593164","2","-0.013","0.146","0.051"
"593165","1","0.638","-0.125","0.749"
"593168","1","0.571","-0.044","0.920"
"593168","2","-0.016","0.131","0.044"
"593173","2","-0.031","0.112","0.027"
"593173","1","0.516","0.040","1.069"
"593177","2","-0.057","0.090","0.012"
"593178","1","0.493","0.140","1.150"
"593183","1","0.526","0.273","1.204"
"593183","2","-0.086","0.067","-0.005"
"593188","2","-0.112","0.044","-0.014"
"593193","1","0.675","0.538","1.199"
"593194","2","-0.138","0.026","-0.016"
"593199","2","-0.155","0.014","-0.020"
"593200","1","0.766","0.534","1.029"
"593203","2","-0.157","-0.001","-0.031"
"593204","1","0.837","0.403","0.846"
"593208","2","-0.168","-0.007","-0.056"
"593209","1","0.897","0.157","0.682"
"593213","2","-0.178","-0.000","-0.082"
"593219","2","-0.164","0.006","-0.103"
"593219","1","0.937","-0.227","0.384"
"593223","2","-0.128","0.012","-0.114"
"593226","1","0.914","-0.308","0.228"
"593228","2","-0.072","0.015","-0.104"
"593229","1","0.863","-0.308","0.228"
"593234","2","-0.008","0.008","-0.087"
"593234","1","0.741","-0.359","0.166"
"593238","1","0.582","-0.437","0.121"
"593239","2","0.050","0.001","-0.073"
"593244","2","0.102","-0.009","-0.072"
"593248","1","0.229","-0.433","-0.059"
"593249","2","0.145","-0.019","-0.081"
"593254","2","0.171","-0.025","-0.095"
"593254","1","0.049","-0.443","-0.168"
"593259","1","-0.121","-0.419","-0.184"
"593259","2","0.163","-0.024","-0.109"
"593264","2","0.136","-0.023","-0.123"
"593264","1","-0.291","-0.170","-0.061"
"593269","1","-0.415","0.198","-0.147"
"593274","2","0.080","-0.034","-0.089"
"593275","1","-0.538","0.343","-0.576"
"593279","2","0.021","-0.038","-0.074"
"593279","1","-0.714","0.230","-1.188"
"593284","2","-0.064","-0.021","-0.085"
"593284","1","-0.903","0.091","-1.735"
"593289","1","-1.107","0.109","-2.064"
"593290","2","-0.155","0.038","-0.100"
"593295","2","-0.241","0.124","-0.099"
"593296","1","-1.393","0.295","-2.079"
"593301","1","-1.698","0.556","-1.724"
"593304","2","-0.324","0.268","-0.035"
"593305","1","-1.919","0.830","-1.242"
"593309","2","-0.328","0.275","0.025"
"593310","1","-2.094","1.011","-0.840"
"593314","2","-0.312","0.232","0.075"
"593315","1","-2.209","1.001","-0.511"
"593319","1","-2.226","0.763","-0.224"
"593320","2","-0.287","0.166","0.096"
"593324","2","-0.248","0.100","0.091"
"593329","2","-0.192","0.050","0.061"
"593330","1","-1.925","-0.082","-0.004"
"593336","2","-0.121","0.009","0.021"
"593336","1","-1.604","-0.432","-0.172"
"593340","2","-0.032","-0.013","-0.003"
"593340","1","-1.246","-0.682","-0.330"
"593344","2","0.058","-0.014","-0.001"
"593345","1","-0.923","-0.810","-0.412"
"593349","2","0.142","-0.001","0.020"
"593350","1","-0.664","-0.801","-0.369"
"593355","1","-0.496","-0.670","-0.216"
"593360","2","0.313","0.023","0.078"
"593361","1","-0.394","-0.529","-0.136"
"593365","2","0.379","0.020","0.085"
"593365","1","-0.369","-0.458","-0.179"
"593370","2","0.420","0.005","0.067"
"593370","1","-0.395","-0.467","-0.292"
"593375","2","0.426","-0.004","0.034"
"593375","1","-0.389","-0.467","-0.407"
"593380","2","0.408","-0.005","0.004"
"593385","2","0.386","-0.001","-0.015"
"593387","1","-0.320","-0.052","-0.410"
"593390","2","0.357","0.005","-0.013"
"593391","1","-0.259","0.198","-0.343"
"593395","1","-0.249","0.349","-0.180"
"593396","2","0.310","0.009","0.003"
"593400","2","0.244","0.010","0.012"
"593400","1","-0.283","0.402","-0.105"
"593405","2","0.174","0.011","0.010"
"593405","1","-0.362","0.403","-0.161"
"593410","1","-0.491","0.324","-0.104"
"593415","2","0.068","0.044","0.007"
"593416","1","-0.646","0.100","0.120"
"593421","2","-0.008","0.060","0.012"
"593421","1","-0.785","-0.127","0.229"
"593425","1","-0.868","-0.226","0.099"
"593426","2","-0.058","0.055","0.013"
"593430","2","-0.062","0.033","0.018"
"593431","1","-0.882","-0.307","-0.061"
"593435","2","-0.034","0.000","0.018"
"593441","2","-0.009","-0.025","0.005"
"593441","1","-0.689","-0.775","-0.406"
"593446","2","0.017","-0.039","-0.021"
"593446","1","-0.413","-0.900","-0.585"
"593451","1","-0.070","-0.808","-0.736"
"593451","2","0.048","-0.042","-0.037"
"593456","1","0.243","-0.655","-0.820"
"593456","2","0.089","-0.029","-0.050"
"593461","1","0.508","-0.561","-0.768"
"593461","2","0.122","-0.001","-0.058"
"593466","2","0.139","0.036","-0.063"
"593471","2","0.142","0.079","-0.061"
"593472","1","0.740","-0.416","-0.298"
"593476","2","0.139","0.119","-0.059"
"593477","1","0.636","-0.334","-0.091"
"593481","1","0.438","-0.281","0.072"
"593482","2","0.127","0.144","-0.063"
"593486","1","0.228","-0.247","0.260"
"593487","2","0.105","0.153","-0.080"
"593493","1","0.080","-0.150","0.462"
"593496","1","0.042","-0.016","0.622"
"593497","2","0.049","0.118","-0.111"
"593502","1","0.063","0.104","0.725"
"593503","2","0.032","0.082","-0.120"
"593507","2","0.017","0.044","-0.130"
"593508","1","0.149","0.186","0.822"
"593511","1","0.302","0.234","0.876"
"593512","2","-0.001","0.012","-0.142"
"593516","2","-0.023","-0.008","-0.155"
"593517","1","0.443","0.281","0.900"
"593523","2","-0.041","-0.010","-0.156"
"593526","2","-0.054","-0.005","-0.145"
"593527","1","0.782","0.429","1.008"
"593532","1","0.917","0.418","0.958"
"593532","2","-0.058","-0.002","-0.130"
"593537","2","-0.055","-0.004","-0.126"
"593537","1","0.999","0.304","0.835"
"593542","1","1.064","0.164","0.689"
"593542","2","-0.051","-0.006","-0.129"
"593546","1","1.162","0.036","0.576"
"593552","1","1.241","-0.046","0.395"
"593552","2","-0.041","-0.002","-0.142"
"593557","1","1.315","-0.071","0.216"
"593557","2","-0.026","0.008","-0.144"
"593562","1","1.356","-0.064","0.207"
"593562","2","-0.006","0.022","-0.136"
"593567","1","1.349","-0.061","0.323"
"593567","2","0.008","0.034","-0.113"
"593572","2","0.019","0.044","-0.085"
"593573","1","1.244","-0.022","0.434"
"593579","1","1.069","0.063","0.506"
"593582","2","0.028","0.043","-0.053"
"593583","1","0.858","0.146","0.576"
"593587","1","0.646","0.269","0.679"
"593588","2","0.019","0.035","-0.041"
"593593","1","0.474","0.465","0.805"
"593594","2","-0.009","0.016","-0.038"
"593597","2","-0.049","-0.009","-0.036"
"593598","1","0.345","0.687","0.884"
"593603","1","0.290","0.867","0.916"
"593607","1","0.287","0.948","0.918"
"593608","2","-0.137","-0.070","-0.041"
"593613","2","-0.181","-0.094","-0.049"
"593614","1","0.315","0.920","0.906"
"593618","2","-0.223","-0.110","-0.063"
"593618","1","0.405","0.812","0.893"
"593622","1","0.504","0.655","0.894"
"593623","2","-0.263","-0.117","-0.077"
"593627","1","0.572","0.521","0.883"
"593628","2","-0.286","-0.114","-0.078"
"593633","1","0.612","0.380","0.838"
"593637","1","0.607","0.191","0.721"
"593638","2","-0.232","-0.122","-0.049"
"593643","2","-0.178","-0.132","-0.039"
"593643","1","0.575","-0.014","0.548"
"593648","1","0.520","-0.171","0.366"
"593648","2","-0.122","-0.141","-0.040"
"593653","1","0.462","-0.238","0.229"
"593653","2","-0.053","-0.147","-0.055"
"593658","2","0.032","-0.146","-0.075"
"593664","2","0.129","-0.149","-0.087"
"593665","1","0.402","-0.116","-0.086"
"593673","2","0.273","-0.144","-0.091"
"593674","1","0.351","-0.107","-0.365"
"593679","2","0.302","-0.132","-0.086"
"593679","1","0.336","-0.100","-0.344"
"593685","2","0.300","-0.122","-0.082"
"593685","1","0.260","-0.097","-0.335"
"593688","2","0.279","-0.114","-0.083"
"593689","1","0.175","-0.073","-0.289"
"593695","1","0.111","-0.035","-0.433"
"593700","2","0.172","-0.096","-0.093"
"593700","1","-0.025","-0.057","-0.726"
"593704","2","0.068","-0.071","-0.096"
"593704","1","-0.224","-0.082","-0.738"
"593709","1","-0.397","0.113","-0.542"
"593709","2","-0.026","-0.031","-0.082"
"593714","2","-0.087","-0.012","-0.048"
"593714","1","-0.536","0.307","-0.807"
"593719","2","-0.129","-0.007","-0.030"
"593725","2","-0.182","0.006","-0.042"
"593726","1","-1.031","-0.021","-1.975"
"593729","2","-0.250","0.055","-0.061"
"593729","1","-1.337","-0.245","-2.408"
"593734","2","-0.314","0.136","-0.065"
"593734","1","-1.722","-0.245","-2.511"
"593739","2","-0.351","0.224","-0.044"
"593739","1","-2.124","-0.011","-2.269"
"593744","2","-0.361","0.287","0.005"
"593744","1","-2.523","0.323","-1.764"
"593751","1","-2.845","0.588","-1.157"
"593754","2","-0.330","0.238","0.102"
"593754","1","-3.010","0.625","-0.510"
"593759","1","-2.952","0.448","0.057"
"593759","2","-0.295","0.138","0.104"
"593764","2","-0.242","0.014","0.079"
"593764","1","-2.601","0.166","0.364"
"593769","2","-0.170","-0.091","0.034"
"593769","1","-2.055","-0.150","0.344"
"593774","2","-0.085","-0.158","-0.008"
"593779","2","0.001","-0.172","-0.028"
"593780","1","-0.674","-0.600","-0.102"
"593784","2","0.088","-0.143","-0.030"
"593785","1","-0.059","-0.725","-0.296"
"593789","1","0.427","-0.776","-0.348"
"593790","2","0.167","-0.085","-0.016"
"593794","2","0.239","-0.025","0.007"
"593795","1","0.684","-0.748","-0.445"
"593799","2","0.296","0.027","0.019"
"593800","1","0.787","-0.716","-0.461"
"593807","1","0.725","-0.611","-0.276"
"593809","2","0.331","0.065","0.017"
"593810","1","0.606","-0.421","-0.052"
"593815","1","0.459","-0.214","0.015"
"593815","2","0.312","0.053","0.006"
"593820","2","0.265","0.033","-0.013"
"593820","1","0.345","-0.076","0.086"
"593825","2","0.194","0.014","-0.031"
"593826","1","0.268","0.013","0.235"
"593830","2","0.109","-0.004","-0.042"
"593834","2","0.034","-0.017","-0.046"
"593837","1","0.350","0.284","0.621"
"593840","2","-0.035","-0.022","-0.041"
"593841","1","0.428","0.414","0.802"
"593845","2","-0.107","-0.031","-0.040"
"593846","1","0.486","0.421","0.882"
"593850","2","-0.155","-0.035","-0.042"
"593850","1","0.467","0.334","0.803"
"593855","2","-0.175","-0.027","-0.037"
"593856","1","0.432","0.295","0.602"
"593863","1","0.358","0.207","0.344"
"593865","2","-0.264","0.024","0.011"
"593866","1","0.325","0.090","0.231"
"593870","2","-0.282","0.043","0.027"
"593871","1","0.293","0.064","0.275"
"593875","2","-0.246","0.049","0.025"
"593876","1","0.225","0.050","0.288"
"593880","2","-0.181","0.040","0.005"
"593881","1","0.106","-0.156","0.241"
"593885","1","-0.007","-0.409","0.183"
"593890","1","-0.034","-0.479","0.146"
"593891","2","-0.054","0.012","-0.021"
"593896","1","-0.076","-0.326","0.117"
"593896","2","0.016","0.004","-0.005"
"593900","1","-0.121","-0.105","-0.026"
"593901","2","0.096","-0.006","0.023"
"593906","1","-0.181","0.044","-0.182"
"593906","2","0.158","-0.012","0.040"
"593911","1","-0.180","0.182","-0.155"
"593911","2","0.184","-0.016","0.043"
"593918","1","-0.134","0.238","-0.116"
"593921","2","0.144","-0.017","0.027"
"593921","1","-0.102","0.385","-0.193"
"593926","2","0.091","-0.006","0.013"
"593927","1","-0.072","0.476","-0.360"
"593931","2","0.017","0.010","0.007"
"593931","1","-0.012","0.487","-0.372"
"593936","2","-0.072","0.031","0.012"
"593937","1","0.069","0.460","-0.303"
"593941","2","-0.152","0.051","0.027"
"593946","2","-0.212","0.071","0.037"
"593947","1","0.038","0.183","-0.195"
"593951","1","-0.054","0.037","-0.125"
"593952","2","-0.254","0.085","0.044"
"593956","2","-0.278","0.096","0.047"
"593957","1","-0.155","-0.089","0.000"
"593962","2","-0.280","0.094","0.051"
"593963","1","-0.279","-0.199","0.014"
"593967","2","-0.259","0.085","0.062"
"593967","1","-0.396","-0.232","-0.022"
"593974","1","-0.498","-0.221","0.001"
"593977","2","-0.176","0.047","0.085"
"593977","1","-0.538","-0.199","-0.007"
"593982","2","-0.130","0.025","0.089"
"593982","1","-0.576","-0.225","-0.027"
"593986","2","-0.090","0.010","0.077"
"593987","1","-0.547","-0.294","-0.088"
"593992","1","-0.432","-0.335","-0.081"
"593992","2","-0.055","0.005","0.058"
"593996","2","-0.024","0.005","0.041"
"594002","2","-0.001","0.008","0.026"
"594003","1","-0.155","-0.253","-0.181"
"594003","1","-0.062","-0.205","-0.182"
"594007","1","0.015","-0.109","-0.121"
"594007","2","0.007","0.014","0.019"
"594012","1","0.030","-0.002","-0.013"
"594013","2","0.003","0.025","0.020"
"594017","1","-0.035","0.065","0.045"
"594018","2","-0.008","0.032","0.026"
"594022","1","-0.131","0.098","0.136"
"594028","1","-0.226","0.080","0.218"
"594028","2","-0.048","0.028","0.024"
"594032","2","-0.079","0.019","0.020"
"594033","1","-0.316","0.051","0.225"
"594038","2","-0.100","0.007","0.011"
"594038","1","-0.397","-0.009","0.166"
"594043","1","-0.385","-0.015","0.208"
"594043","2","-0.115","-0.008","0.007"
"594049","2","-0.121","-0.021","0.010"
"594049","1","-0.364","-0.015","0.165"
"594055","1","-0.345","-0.071","0.014"
"594059","2","-0.092","-0.061","0.006"
"594059","1","-0.284","-0.139","0.042"
"594063","2","-0.077","-0.074","-0.000"
"594064","1","-0.160","-0.184","0.022"
"594068","2","-0.059","-0.082","-0.006"
"594068","1","-0.078","-0.166","-0.054"
"594073","2","-0.040","-0.080","-0.008"
"594073","1","-0.035","-0.140","-0.132"
"594078","2","-0.018","-0.072","-0.012"
"594083","2","-0.007","-0.064","-0.009"
"594084","1","0.047","0.025","-0.058"
"594088","2","-0.006","-0.048","-0.004"
"594089","1","-0.017","0.097","-0.010"
"594093","2","-0.011","-0.032","0.003"
"594094","1","-0.081","0.171","-0.018"
"594098","2","-0.017","-0.024","0.005"
"594099","1","-0.160","0.175","-0.067"
"594103","2","-0.022","-0.022","0.002"
"594105","1","-0.239","0.175","-0.073"
"594111","2","-0.031","-0.024","0.003"
"594114","2","-0.038","-0.027","0.005"
"594115","1","-0.243","0.210","-0.201"
"594119","2","-0.039","-0.031","0.005"
"594120","1","-0.203","0.179","-0.225"
"594124","2","-0.042","-0.036","0.008"
"594124","1","-0.108","0.132","-0.239"
"594129","2","-0.037","-0.036","0.009"
"594129","1","-0.019","0.074","-0.114"
"594133","2","-0.036","-0.035","0.013"
"594138","2","-0.039","-0.029","0.015"
"594139","1","0.102","-0.088","-0.181"
"594144","2","-0.033","-0.022","0.009"
"594144","1","0.130","-0.119","-0.105"
"594149","1","0.146","-0.127","0.074"
"594149","2","-0.031","-0.020","0.009"
"594154","1","0.130","-0.100","0.007"
"594154","2","-0.039","-0.012","0.014"
"594159","2","-0.036","-0.010","0.018"
"594160","1","0.081","-0.088","-0.073"
"594164","2","-0.033","-0.010","0.020"
"594169","2","-0.046","-0.007","0.023"
"594170","1","-0.099","-0.091","0.020"
"594174","2","-0.056","-0.002","0.020"
"594175","1","-0.190","-0.050","-0.049"
"594179","2","-0.058","-0.008","0.011"
"594180","1","-0.290","-0.019","-0.046"
"594184","2","-0.057","-0.016","0.004"
"594185","1","-0.281","-0.008","-0.044"
"594189","2","-0.053","-0.025","-0.005"
"594194","2","-0.045","-0.033","-0.004"
"594195","1","-0.287","-0.041","-0.126"
"594202","2","-0.032","-0.043","-0.004"
"594202","1","-0.232","-0.095","-0.104"
"594204","2","-0.013","-0.049","-0.003"
"594205","1","-0.148","-0.142","-0.063"
"594210","2","0.006","-0.051","-0.003"
"594210","1","-0.070","-0.138","-0.057"
"594214","2","0.022","-0.050","-0.001"
"594215","1","-0.029","-0.049","-0.029"
"594222","1","-0.027","-0.010","-0.043"
"594225","2","0.048","-0.038","0.008"
"594227","1","-0.003","0.011","-0.111"
"594230","2","0.047","-0.031","0.007"
"594230","1","0.020","0.035","-0.142"
"594235","2","0.037","-0.022","0.007"
"594235","1","0.007","0.059","-0.079"
"594240","2","0.019","-0.014","0.005"
"594240","1","-0.022","0.117","-0.063"
"594245","2","-0.002","-0.007","0.007"
"594250","2","-0.017","-0.003","0.007"
"594250","1","-0.122","0.156","0.015"
"594255","2","-0.039","-0.003","0.010"
"594256","1","-0.183","0.099","-0.006"
"594260","2","-0.058","-0.007","0.014"
"594261","1","-0.235","0.045","-0.049"
"594265","1","-0.265","0.000","-0.139"
"594265","2","-0.072","-0.012","0.012"
"594270","2","-0.073","-0.018","0.004"
"594272","1","-0.213","-0.045","-0.198"
"594278","2","-0.068","-0.020","-0.002"
"594280","2","-0.061","-0.017","0.000"
"594281","1","-0.092","-0.102","-0.062"
"594285","2","-0.049","-0.017","0.002"
"594286","1","-0.033","-0.139","-0.043"
"594290","1","0.006","-0.155","-0.030"
"594291","2","-0.032","-0.017","0.006"
"594295","2","-0.014","-0.019","0.008"
"594296","1","-0.015","-0.150","-0.017"
"594300","1","-0.026","-0.143","0.032"
"594307","2","0.005","-0.021","0.007"
"594308","1","-0.034","-0.157","0.018"
"594311","2","0.012","-0.024","0.003"
"594311","1","-0.071","-0.160","0.000"
"594315","2","0.017","-0.030","-0.003"
"594316","1","-0.113","-0.143","-0.045"
"594320","2","0.020","-0.030","-0.004"
"594321","1","-0.120","-0.145","-0.079"
"594326","1","-0.122","-0.141","-0.095"
"594326","2","0.021","-0.030","-0.005"
"594333","2","0.019","-0.030","-0.008"
"594336","2","0.021","-0.024","-0.007"
"594336","1","-0.137","-0.086","-0.140"
"594341","2","0.019","-0.020","-0.008"
"594341","1","-0.142","-0.047","-0.135"
"594346","2","0.010","-0.013","-0.012"
"594346","1","-0.161","-0.013","-0.105"
"594351","1","-0.189","0.010","-0.088"
"594351","2","0.000","-0.007","-0.014"
"594356","2","-0.010","-0.005","-0.012"
"594361","1","-0.272","0.019","-0.037"
"594361","2","-0.023","-0.005","-0.009"
"594366","2","-0.034","-0.005","-0.006"
"594367","1","-0.289","0.028","-0.063"
"594371","2","-0.040","-0.005","-0.004"
"594372","1","-0.305","0.045","-0.069"
"594376","2","-0.034","-0.006","-0.001"
"594377","1","-0.333","0.028","-0.053"
"594382","2","-0.021","-0.005","0.007"
"594382","1","-0.346","-0.005","-0.055"
"594387","1","-0.353","-0.020","-0.064"
"594393","1","-0.383","-0.024","-0.058"
"594393","2","0.026","-0.014","0.020"
"594396","1","-0.373","-0.068","-0.012"
"594397","2","0.057","-0.023","0.026"
"594402","1","-0.372","-0.110","0.073"
"594402","2","0.078","-0.027","0.029"
"594406","2","0.092","-0.037","0.028"
"594407","1","-0.379","-0.034","0.009"
"594412","1","-0.362","0.078","-0.152"
"594417","2","0.136","-0.059","0.021"
"594418","1","-0.358","0.149","-0.226"
"594422","2","0.140","-0.059","0.029"
"594422","1","-0.375","0.182","-0.290"
"594427","2","0.139","-0.052","0.038"
"594427","1","-0.440","0.173","-0.393"
"594432","1","-0.564","0.106","-0.453"
"594432","2","0.138","-0.040","0.042"
"594436","2","0.134","-0.031","0.049"
"594437","1","-0.727","-0.009","-0.469"
"594444","1","-0.910","-0.126","-0.506"
"594447","2","0.130","-0.026","0.054"
"594448","1","-1.094","-0.206","-0.576"
"594452","1","-1.229","-0.280","-0.637"
"594453","2","0.145","-0.034","0.060"
"594457","1","-1.321","-0.368","-0.805"
"594458","2","0.167","-0.049","0.074"
"594462","1","-1.329","-0.428","-0.932"
"594462","2","0.198","-0.075","0.080"
"594467","2","0.226","-0.098","0.080"
"594472","2","0.232","-0.112","0.072"
"594473","1","-1.158","-0.430","-0.806"
"594477","2","0.227","-0.117","0.054"
"594478","1","-1.013","-0.363","-0.608"
"594484","2","0.207","-0.111","0.039"
"594484","1","-0.813","-0.229","-0.312"
"594488","2","0.173","-0.103","0.028"
"594488","1","-0.580","-0.024","-0.109"
"594493","2","0.130","-0.094","0.024"
"594494","1","-0.330","0.147","-0.057"
"594498","1","-0.114","0.212","0.052"
"594503","1","0.057","0.184","0.276"
"594503","2","0.011","-0.068","0.013"
"594508","2","-0.061","-0.056","-0.003"
"594509","1","0.211","0.149","0.425"
"594513","2","-0.106","-0.041","-0.022"
"594513","1","0.327","0.148","0.430"
"594518","2","-0.120","-0.029","-0.034"
"594518","1","0.394","0.131","0.386"
"594523","2","-0.120","-0.015","-0.032"
"594528","2","-0.108","-0.001","-0.015"
"594529","1","0.455","0.101","0.496"
"594533","2","-0.085","0.009","0.005"
"594534","1","0.432","0.081","0.460"
"594538","2","-0.042","0.011","0.015"
"594538","1","0.420","0.046","0.451"
"594543","2","0.011","0.001","0.015"
"594544","1","0.448","-0.012","0.456"
"594548","2","0.050","-0.011","0.009"
"594548","1","0.522","-0.094","0.421"
"594553","1","0.629","-0.161","0.379"
"594558","2","0.070","-0.021","-0.004"
"594559","1","0.741","-0.181","0.356"
"594565","2","0.067","-0.021","-0.007"
"594566","1","0.919","-0.158","0.350"
"594568","2","0.049","-0.013","-0.005"
"594570","1","1.132","-0.103","0.384"
"594576","2","0.017","0.000","0.002"
"594577","1","1.303","-0.034","0.404"
"594579","2","-0.024","0.013","0.005"
"594585","2","-0.070","0.027","0.001"
"594586","1","1.559","0.035","0.352"
"594589","2","-0.127","0.050","-0.004"
"594590","1","1.595","0.026","0.379"
"594594","2","-0.181","0.072","-0.014"
"594594","1","1.558","0.018","0.422"
"594599","2","-0.227","0.093","-0.019"
"594599","1","1.470","0.023","0.491"
"594605","1","1.319","-0.018","0.524"
"594605","2","-0.259","0.113","-0.023"
"594612","2","-0.267","0.122","-0.029"
"594614","2","-0.260","0.120","-0.034"
"594614","1","0.944","-0.031","0.555"
"594619","2","-0.237","0.109","-0.033"
"594620","1","0.745","0.038","0.545"
"594624","1","0.592","0.080","0.482"
"594624","2","-0.201","0.090","-0.029"
"594629","1","0.489","0.077","0.398"
"594629","2","-0.160","0.068","-0.024"
"594634","1","0.401","0.022","0.337"
"594639","2","-0.079","0.015","-0.036"
"594640","1","0.344","-0.045","0.252"
"594644","2","-0.043","0.000","-0.048"
"594645","1","0.337","-0.069","0.144"
"594649","2","-0.015","-0.008","-0.056"
"594650","1","0.338","-0.031","0.059"
"594654","2","0.002","-0.005","-0.051"
"594655","1","0.341","0.070","-0.027"
"594660","2","0.011","0.000","-0.036"
"594660","1","0.336","0.162","-0.062"
"594668","1","0.318","0.218","-0.022"
"594670","2","0.004","0.016","-0.010"
"594670","1","0.289","0.247","-0.022"
"594674","2","-0.008","0.012","-0.016"
"594675","1","0.237","0.255","-0.059"
"594679","1","0.194","0.257","-0.044"
"594680","2","-0.032","0.007","-0.029"
"594684","2","-0.063","0.007","-0.040"
"594685","1","0.190","0.262","0.038"
"594689","2","-0.088","0.004","-0.044"
"594695","2","-0.108","0.000","-0.037"
"594695","1","0.273","0.330","0.234"
"594700","1","0.312","0.320","0.291"
"594700","2","-0.121","-0.002","-0.033"
"594706","2","-0.126","-0.008","-0.032"
"594707","1","0.310","0.317","0.285"
"594710","2","-0.129","-0.008","-0.030"
"594710","1","0.290","0.319","0.317"
"594715","2","-0.136","-0.007","-0.023"
"594716","1","0.265","0.302","0.386"
"594723","1","0.220","0.275","0.412"
"594725","2","-0.127","-0.014","-0.010"
"594726","1","0.157","0.251","0.410"
"594730","2","-0.110","-0.022","-0.012"
"594731","1","0.120","0.199","0.430"
"594735","1","0.122","0.162","0.441"
"594735","2","-0.097","-0.036","-0.017"
"594741","1","0.170","0.215","0.443"
"594742","2","-0.079","-0.056","-0.017"
"594745","2","-0.064","-0.071","-0.009"
"594750","2","-0.050","-0.079","0.004"
"594751","1","0.347","0.431","0.380"
"594755","1","0.418","0.389","0.166"
"594756","2","-0.033","-0.081","0.015"
"594760","2","-0.030","-0.071","0.010"
"594762","1","0.424","0.240","-0.036"
"594765","2","-0.053","-0.042","-0.002"
"594766","1","0.375","0.116","0.122"
"594770","1","0.328","0.109","0.341"
"594771","2","-0.071","-0.009","-0.010"
"594778","2","-0.073","-0.000","-0.009"
"594781","2","-0.073","-0.005","-0.024"
"594782","1","0.115","-0.168","-0.599"
"594786","2","-0.090","0.001","-0.054"
"594786","1","-0.115","-0.509","-1.548"
"594791","2","-0.122","0.044","-0.083"
"594791","1","-0.480","-0.930","-2.574"
"594796","2","-0.178","0.139","-0.114"
"594796","1","-1.002","-1.251","-2.901"
"594801","1","-1.574","-1.216","-2.286"
"594806","2","-0.285","0.374","-0.071"
"594806","1","-2.054","-0.682","-1.316"
"594811","1","-2.476","0.040","-0.600"
"594811","2","-0.303","0.387","-0.003"
"594816","2","-0.302","0.305","0.061"
"594817","1","-2.795","0.669","-0.076"
"594821","1","-2.884","1.005","0.406"
"594821","2","-0.311","0.162","0.104"
"594827","2","-0.340","0.009","0.104"
"594827","1","-2.720","1.015","0.696"
"594834","1","-2.294","0.838","0.613"
"594837","2","-0.383","-0.170","0.010"
"594838","1","-1.710","0.519","0.253"
"594841","2","-0.371","-0.164","-0.038"
"594842","1","-1.107","0.119","-0.166"
"594847","2","-0.340","-0.115","-0.069"
"594848","1","-0.542","-0.312","-0.553"
"594851","2","-0.285","-0.048","-0.076"
"594852","1","-0.101","-0.702","-0.855"
"594856","1","0.151","-0.980","-0.943"
"594862","2","-0.091","0.085","-0.030"
"594862","1","0.202","-1.102","-0.877"
"594867","2","0.046","0.120","-0.002"
"594867","1","0.077","-1.109","-0.694"
"594872","1","-0.099","-1.054","-0.418"
"594872","2","0.188","0.122","0.014"
"594876","1","-0.275","-0.948","-0.177"
"594877","2","0.316","0.090","0.008"
"594882","2","0.423","0.036","-0.019"
"594882","1","-0.383","-0.789","0.000"
"594887","1","-0.396","-0.593","0.190"
"594892","1","-0.315","-0.331","0.282"
"594893","2","0.527","-0.064","-0.069"
"594897","1","-0.160","-0.051","0.280"
"594898","2","0.531","-0.099","-0.074"
"594902","1","-0.024","0.145","0.257"
"594903","2","0.498","-0.115","-0.069"
"594906","2","0.433","-0.115","-0.063"
"594907","1","0.096","0.269","0.278"
"594912","2","0.344","-0.105","-0.056"
"594917","2","0.247","-0.091","-0.042"
"594918","1","0.221","0.601","0.459"
"594922","2","0.146","-0.079","-0.020"
"594923","1","0.142","0.821","0.498"
"594928","1","-0.009","0.950","0.441"
"594929","2","0.050","-0.070","0.002"
"594932","2","-0.036","-0.065","0.015"
"594933","1","-0.183","0.966","0.310"
"594938","2","-0.111","-0.064","0.017"
"594938","1","-0.274","0.891","0.176"
"594945","1","-0.316","0.755","0.076"
"594947","2","-0.200","-0.080","0.001"
"594948","1","-0.323","0.602","0.004"
"594953","2","-0.208","-0.085","-0.010"
"594953","1","-0.273","0.454","-0.049"
"594958","2","-0.190","-0.084","-0.014"
"594958","1","-0.242","0.238","-0.144"
"594963","2","-0.153","-0.077","-0.010"
"594963","1","-0.186","0.054","-0.281"
"594967","2","-0.101","-0.063","0.005"
"594972","2","-0.031","-0.047","0.020"
"594974","1","-0.245","-0.144","-0.512"
"594978","1","-0.332","-0.127","-0.790"
"594978","2","0.050","-0.031","0.041"
"594983","2","0.142","-0.016","0.068"
"594983","1","-0.494","-0.155","-1.047"
"594988","2","0.203","0.008","0.089"
"594989","1","-0.683","-0.368","-0.965"
"594993","2","0.246","0.019","0.102"
"594996","1","-0.863","-0.458","-0.909"
"595008","1","-1.073","-0.132","-0.722"
"595015","2","0.325","-0.049","0.100"
"595016","1","-0.983","-0.025","-0.542"
"595018","2","0.269","-0.063","0.075"
"595026","1","-0.660","0.100","-0.409"
"595027","2","0.187","-0.055","0.061"
"595030","2","0.094","-0.033","0.054"
"595031","1","-0.422","0.287","-0.268"
"595034","2","0.004","-0.010","0.058"
"595035","1","-0.217","0.444","-0.137"
"595042","1","-0.051","0.476","0.079"
"595044","2","-0.159","0.023","0.057"
"595047","1","0.057","0.476","0.079"
"595051","2","-0.225","0.038","0.057"
"595052","1","0.111","0.382","0.144"
"595054","2","-0.268","0.051","0.054"
"595055","1","0.133","0.286","0.155"
"595059","2","-0.281","0.063","0.049"
"595059","1","0.133","0.173","0.148"
"595064","2","-0.267","0.069","0.049"
"595069","2","-0.232","0.064","0.049"
"595069","1","0.096","-0.167","0.102"
"595074","2","-0.178","0.059","0.049"
"595074","1","0.093","-0.329","0.072"
"595079","1","0.139","-0.453","0.021"
"595080","2","-0.115","0.049","0.050"
"595084","1","0.239","-0.591","-0.052"
"595084","2","-0.045","0.038","0.043"
"595090","1","0.353","-0.663","-0.105"
"595090","2","0.027","0.028","0.037"
"595094","1","0.507","-0.685","-0.153"
"595100","2","0.121","0.035","0.023"
"595101","1","0.718","-0.638","-0.137"
"595104","2","0.140","0.046","0.023"
"595105","1","0.867","-0.512","-0.021"
"595109","2","0.141","0.065","0.027"
"595110","1","0.943","-0.325","0.117"
"595114","2","0.126","0.079","0.032"
"595115","1","0.982","-0.184","0.208"
"595119","2","0.097","0.087","0.030"
"595124","2","0.051","0.097","0.020"
"595125","1","0.783","0.025","0.427"
"595130","2","-0.005","0.094","0.007"
"595130","1","0.650","0.075","0.537"
"595136","2","-0.058","0.089","-0.005"
"595136","1","0.510","0.102","0.640"
"595140","1","0.390","0.135","0.693"
"595140","2","-0.099","0.076","-0.013"
"595145","1","0.304","0.116","0.675"
"595145","2","-0.125","0.051","-0.025"
"595154","1","0.254","0.004","0.684"
"595155","2","-0.159","0.003","-0.041"
"595156","1","0.246","-0.098","0.645"
"595160","1","0.286","-0.154","0.519"
"595161","2","-0.147","-0.015","-0.052"
"595165","2","-0.122","-0.024","-0.054"
"595166","1","0.401","-0.180","0.433"
"595170","2","-0.089","-0.021","-0.050"
"595171","1","0.563","-0.210","0.446"
"595175","1","0.684","-0.222","0.341"
"595181","2","0.008","-0.020","-0.063"
"595183","1","0.757","-0.247","0.202"
"595185","2","0.039","-0.014","-0.068"
"595186","1","0.800","-0.280","0.220"
"595190","2","0.057","0.004","-0.072"
"595191","1","0.820","-0.287","0.303"
"595195","1","0.805","-0.202","0.305"
"595196","2","0.080","0.018","-0.074"
"595200","2","0.095","0.030","-0.072"
"595201","1","0.762","-0.088","0.306"
"595208","1","0.667","0.024","0.360"
"595210","2","0.094","0.031","-0.073"
"595211","1","0.535","0.089","0.360"
"595216","2","0.085","0.025","-0.073"
"595216","1","0.391","0.098","0.460"
"595221","2","0.077","0.011","-0.077"
"595222","1","0.274","0.101","0.535"
"595225","1","0.189","0.160","0.596"
"595226","2","0.081","-0.009","-0.083"
"595230","1","0.090","0.194","0.671"
"595236","2","0.101","-0.053","-0.091"
"595237","1","0.010","0.286","0.640"
"595241","2","0.109","-0.076","-0.081"
"595241","1","-0.058","0.376","0.615"
"595246","2","0.112","-0.096","-0.073"
"595246","1","-0.130","0.391","0.636"
"595251","2","0.112","-0.116","-0.071"
"595252","1","-0.225","0.313","0.350"
"595256","1","-0.246","0.101","0.013"
"595256","2","0.116","-0.135","-0.073"
"595261","1","-0.292","-0.041","-0.154"
"595266","2","0.073","-0.135","-0.091"
"595266","1","-0.277","0.131","0.048"
"595272","2","0.050","-0.119","-0.080"
"595273","1","-0.208","0.461","-0.127"
"595276","2","0.038","-0.116","-0.050"
"595277","1","-0.247","0.439","-0.674"
"595281","2","0.018","-0.113","-0.036"
"595282","1","-0.336","0.105","-1.525"
"595286","2","-0.025","-0.081","-0.051"
"595291","2","-0.081","-0.007","-0.075"
"595292","1","-0.835","-0.467","-2.877"
"595296","1","-1.300","-0.346","-2.420"
"595297","2","-0.146","0.106","-0.082"
"595301","2","-0.201","0.239","-0.051"
"595302","1","-1.775","0.163","-1.692"
"595306","2","-0.218","0.329","0.017"
"595307","1","-2.174","0.719","-1.166"
"595311","1","-2.466","1.047","-0.710"
"595312","2","-0.203","0.333","0.097"
"595319","1","-2.577","1.114","-0.221"
"595322","2","-0.171","0.134","0.191"
"595322","1","-2.437","0.916","0.279"
"595327","2","-0.181","0.008","0.172"
"595327","1","-2.030","0.575","0.524"
"595332","2","-0.185","-0.084","0.126"
"595332","1","-1.456","0.178","0.426"
"595337","2","-0.169","-0.129","0.070"
"595337","1","-0.836","-0.247","0.088"
"595342","2","-0.138","-0.129","0.025"
"595347","2","-0.102","-0.096","-0.002"
"595348","1","0.275","-0.960","-0.406"
"595352","2","-0.061","-0.042","-0.005"
"595353","1","0.625","-1.132","-0.511"
"595357","2","0.002","0.018","0.008"
"595358","1","0.840","-1.128","-0.450"
"595362","2","0.086","0.068","0.025"
"595363","1","0.864","-1.029","-0.282"
"595367","2","0.175","0.103","0.039"
"595368","1","0.761","-0.846","-0.035"
"595375","1","0.574","-0.680","0.193"
"595377","2","0.301","0.112","0.031"
"595377","1","0.351","-0.630","0.320"
"595382","2","0.322","0.088","-0.004"
"595384","1","0.162","-0.530","0.441"
"595387","1","0.075","-0.403","0.591"
"595388","2","0.321","0.059","-0.040"
"595392","1","0.061","-0.224","0.595"
"595393","2","0.298","0.030","-0.067"
"595398","1","0.048","-0.033","0.596"
"595402","2","0.220","-0.017","-0.074"
"595403","1","0.020","0.070","0.568"
"595408","2","0.171","-0.031","-0.063"
"595408","1","0.024","0.116","0.449"
"595413","2","0.124","-0.038","-0.046"
"595413","1","0.003","0.133","0.340"
"595418","2","0.078","-0.037","-0.033"
"595418","1","-0.023","0.149","0.327"
"595423","1","-0.103","0.177","0.325"
"595423","2","0.028","-0.031","-0.022"
"595428","2","-0.015","-0.024","-0.015"
"595433","2","-0.051","-0.022","-0.007"
"595434","1","-0.181","0.308","0.252"
"595438","1","-0.228","0.381","0.282"
"595438","2","-0.084","-0.023","-0.002"
"595443","2","-0.113","-0.027","0.008"
"595444","1","-0.254","0.439","0.265"
"595448","2","-0.137","-0.030","0.012"
"595448","1","-0.255","0.422","0.246"
"595453","2","-0.153","-0.034","0.011"
"595458","2","-0.162","-0.033","0.004"
"595459","1","-0.309","0.236","0.151"
"595463","2","-0.161","-0.024","0.001"
"595464","1","-0.308","0.097","0.144"
"595468","2","-0.148","-0.015","0.001"
"595469","1","-0.284","0.005","0.056"
"595473","1","-0.275","-0.095","-0.046"
"595474","2","-0.117","-0.012","0.002"
"595478","1","-0.260","-0.213","-0.112"
"595479","2","-0.076","-0.014","0.011"
"595483","1","-0.249","-0.290","-0.167"
"595489","2","0.015","-0.018","0.029"
"595490","1","-0.290","-0.340","-0.204"
"595494","2","0.058","-0.018","0.036"
"595494","1","-0.332","-0.347","-0.237"
"595499","1","-0.368","-0.332","-0.193"
"595500","2","0.093","-0.017","0.035"
"595504","2","0.116","-0.018","0.032"
"595505","1","-0.391","-0.276","-0.127"
"595509","2","0.123","-0.022","0.029"
"595514","2","0.117","-0.032","0.025"
"595514","1","-0.320","-0.091","-0.146"
"595519","2","0.093","-0.043","0.017"
"595519","1","-0.261","-0.066","-0.170"
"595524","2","0.061","-0.049","0.008"
"595524","1","-0.168","-0.021","-0.219"
"595529","2","0.023","-0.045","0.000"
"595529","1","-0.083","-0.016","-0.264"
"595534","2","-0.021","-0.036","-0.008"
"595534","1","-0.024","0.009","-0.286"
"595541","1","0.012","0.036","-0.258"
"595544","2","-0.102","-0.007","-0.015"
"595545","1","0.036","0.020","-0.176"
"595549","2","-0.132","0.002","-0.022"
"595550","1","0.032","-0.033","-0.095"
"595554","2","-0.157","0.007","-0.026"
"595554","1","0.009","-0.103","-0.054"
"595559","2","-0.172","0.009","-0.033"
"595560","1","-0.033","-0.118","0.014"
"595564","2","-0.169","0.009","-0.038"
"595570","2","-0.152","0.000","-0.034"
"595576","1","-0.209","-0.103","-0.136"
"595576","2","-0.122","0.000","-0.034"
"595579","1","-0.230","-0.126","-0.162"
"595580","2","-0.086","-0.009","-0.029"
"595584","2","-0.049","-0.017","-0.026"
"595585","1","-0.211","-0.179","-0.131"
"595590","2","-0.015","-0.021","-0.025"
"595591","1","-0.178","-0.218","-0.134"
"595595","2","0.018","-0.026","-0.029"
"595600","2","0.048","-0.022","-0.029"
"595602","1","-0.153","-0.154","-0.157"
"595605","2","0.069","-0.009","-0.022"
"595607","1","-0.156","-0.069","-0.159"
"595610","2","0.084","-0.003","-0.007"
"595611","1","-0.201","0.009","-0.212"
"595615","2","0.088","-0.000","0.001"
"595616","1","-0.285","0.046","-0.212"
"595620","2","0.081","-0.002","0.006"
"595620","1","-0.319","0.079","-0.143"
"595628","1","-0.332","0.125","-0.169"
"595631","2","0.050","-0.024","-0.001"
"595631","1","-0.309","0.125","-0.169"
"595635","2","0.029","-0.036","-0.007"
"595636","1","-0.224","0.136","-0.181"
"595640","2","0.005","-0.040","-0.016"
"595641","1","-0.156","0.155","-0.140"
"595645","2","-0.020","-0.041","-0.022"
"595646","1","-0.076","0.173","-0.127"
"595650","2","-0.050","-0.037","-0.025"
"595655","2","-0.074","-0.025","-0.024"
"595656","1","0.038","0.083","-0.086"
"595660","2","-0.093","-0.014","-0.026"
"595661","1","0.029","0.018","-0.093"
"595666","2","-0.108","-0.003","-0.030"
"595667","1","0.036","-0.039","-0.100"
"595670","2","-0.113","0.002","-0.032"
"595671","1","0.028","-0.037","-0.082"
"595675","2","-0.106","0.008","-0.033"
"595676","1","0.024","-0.023","-0.084"
"595684","2","-0.085","0.013","-0.026"
"595686","2","-0.056","0.014","-0.017"
"595686","1","-0.108","-0.018","-0.169"
"595691","1","-0.196","-0.064","-0.196"
"595691","2","-0.030","0.015","-0.017"
"595696","2","-0.002","0.014","-0.016"
"595696","1","-0.224","-0.114","-0.223"
"595701","2","0.026","0.015","-0.015"
"595701","1","-0.242","-0.097","-0.191"
"595706","2","0.055","0.011","-0.014"
"595711","2","0.083","0.014","-0.006"
"595711","1","-0.286","0.036","-0.135"
"595716","1","-0.273","0.061","-0.162"
"595718","2","0.105","0.012","-0.001"
"595721","1","-0.266","0.084","-0.181"
"595722","2","0.117","0.008","0.009"
"595726","2","0.118","0.004","0.013"
"595727","1","-0.272","0.098","-0.155"
"595731","1","-0.251","0.112","-0.117"
"595732","2","0.110","0.004","0.011"
"595739","2","0.085","0.003","0.006"
"595742","2","0.053","0.007","0.001"
"595742","1","-0.089","0.169","-0.013"
"595746","2","0.023","0.011","-0.001"
"595747","1","-0.027","0.200","-0.016"
"595751","1","0.015","0.206","-0.040"
"595752","2","-0.005","0.011","-0.002"
"595756","2","-0.037","0.013","0.000"
"595757","1","0.025","0.143","-0.048"
"595762","1","-0.010","0.066","-0.040"
"595767","1","-0.037","-0.022","-0.003"
"595767","2","-0.079","0.026","-0.006"
"595771","2","-0.086","0.030","-0.009"
"595772","1","-0.062","-0.143","0.041"
"595777","1","-0.084","-0.236","0.042"
"595777","2","-0.088","0.031","-0.005"
"595782","1","-0.113","-0.273","0.012"
"595782","2","-0.071","0.025","-0.004"
"595787","2","-0.040","0.015","-0.001"
"595787","1","-0.155","-0.291","-0.014"
"595794","1","-0.158","-0.308","-0.022"
"595797","2","0.031","-0.004","0.005"
"595797","1","-0.170","-0.325","-0.010"
"595802","2","0.068","-0.010","0.001"
"595803","1","-0.166","-0.348","-0.023"
"595807","2","0.104","-0.017","-0.001"
"595807","1","-0.148","-0.341","-0.031"
"595812","1","-0.134","-0.287","-0.022"
"595812","2","0.131","-0.019","-0.005"
"595817","1","-0.117","-0.208","-0.038"
"595823","2","0.156","-0.014","0.002"
"595823","1","-0.109","-0.084","-0.087"
"595828","1","-0.114","0.052","-0.081"
"595828","2","0.150","-0.007","0.001"
"595832","2","0.131","-0.000","-0.002"
"595833","1","-0.124","0.136","-0.036"
"595837","1","-0.164","0.198","0.014"
"595838","2","0.097","0.004","-0.007"
"595842","1","-0.215","0.214","0.087"
"595843","2","0.048","0.008","-0.015"
"595848","1","-0.238","0.213","0.144"
"595853","2","-0.052","0.015","-0.017"
"595853","1","-0.266","0.214","0.165"
"595858","2","-0.092","0.010","-0.011"
"595858","1","-0.305","0.197","0.130"
"595863","2","-0.116","0.009","-0.003"
"595863","1","-0.329","0.162","0.047"
"595868","2","-0.124","0.008","0.003"
"595868","1","-0.327","0.080","-0.030"
"595873","2","-0.116","0.004","0.008"
"595878","1","-0.301","-0.104","-0.060"
"595879","2","-0.092","0.002","0.014"
"595883","2","-0.060","0.001","0.018"
"595883","1","-0.298","-0.150","-0.076"
"595888","2","-0.021","-0.004","0.026"
"595889","1","-0.287","-0.167","-0.064"
"595893","1","-0.320","-0.193","-0.055"
"595893","2","0.026","-0.003","0.035"
"595898","2","0.065","-0.001","0.043"
"595899","1","-0.383","-0.202","-0.104"
"595905","2","0.101","-0.001","0.048"
"595908","2","0.135","-0.002","0.056"
"595909","1","-0.476","-0.129","-0.227"
"595913","1","-0.509","-0.130","-0.158"
"595914","2","0.162","-0.000","0.066"
"595919","1","-0.525","-0.105","-0.114"
"595920","2","0.186","-0.002","0.072"
"595924","1","-0.530","-0.034","-0.127"
"595925","2","0.214","-0.014","0.074"
"595928","1","-0.483","0.056","-0.115"
"595933","2","0.267","-0.050","0.075"
"595934","1","-0.445","0.146","-0.025"
"595938","1","-0.434","0.205","0.069"
"595939","2","0.270","-0.059","0.082"
"595944","2","0.263","-0.064","0.081"
"595944","1","-0.428","0.189","0.055"
"595949","2","0.238","-0.067","0.077"
"595949","1","-0.485","0.117","0.067"
"595953","1","-0.588","0.038","0.156"
"595954","2","0.196","-0.062","0.070"
"595961","1","-0.679","0.015","0.186"
"595964","2","0.100","-0.064","0.067"
"595964","1","-0.761","0.051","0.115"
"595969","2","0.055","-0.079","0.072"
"595969","1","-0.850","0.078","0.014"
"595974","2","0.018","-0.101","0.077"
"595974","1","-0.889","0.069","-0.102"
"595979","1","-0.849","0.002","-0.264"
"595979","2","-0.012","-0.120","0.080"
"595984","1","-0.733","-0.114","-0.442"
"595989","1","-0.552","-0.221","-0.601"
"595990","2","-0.042","-0.154","0.055"
"595994","2","-0.039","-0.155","0.044"
"595995","1","-0.332","-0.295","-0.760"
"595999","2","-0.020","-0.140","0.036"
"596000","1","-0.112","-0.406","-0.930"
"596004","2","0.001","-0.104","0.027"
"596005","1","0.020","-0.484","-0.960"
"596010","2","0.033","-0.057","0.032"
"596010","1","0.082","-0.455","-0.776"
"596018","1","0.076","-0.384","-0.607"
"596019","2","0.130","-0.004","0.059"
"596019","1","0.025","-0.344","-0.621"
"596024","2","0.164","-0.002","0.056"
"596025","1","-0.016","-0.377","-0.608"
"596030","2","0.176","-0.000","0.037"
"596030","1","-0.054","-0.401","-0.531"
"596034","1","-0.049","-0.313","-0.420"
"596035","2","0.177","0.006","0.020"
"596040","2","0.161","0.013","0.013"
"596045","2","0.126","0.022","0.005"
"596045","1","0.013","-0.051","-0.135"
"596050","2","0.078","0.027","-0.004"
"596051","1","0.075","0.059","0.045"
"596055","2","0.026","0.030","-0.010"
"596056","1","0.192","0.173","0.178"
"596060","2","-0.028","0.032","-0.013"
"596060","1","0.264","0.308","0.240"
"596065","2","-0.083","0.035","-0.007"
"596065","1","0.315","0.364","0.324"
"596070","2","-0.131","0.043","0.003"
"596075","2","-0.168","0.053","0.009"
"596075","1","0.412","0.320","0.363"
"596080","2","-0.187","0.060","0.012"
"596081","1","0.422","0.247","0.411"
"596085","2","-0.188","0.061","0.012"
"596086","1","0.415","0.149","0.463"
"596090","1","0.419","0.036","0.359"
"596091","2","-0.176","0.060","0.008"
"596095","1","0.465","-0.095","0.188"
"596106","2","-0.084","0.058","-0.020"
"596107","1","0.652","-0.339","-0.022"
"596110","1","0.826","-0.395","-0.075"
"596111","2","-0.051","0.065","-0.023"
"596116","2","-0.022","0.072","-0.028"
"596117","1","0.984","-0.433","-0.104"
"596121","2","-0.003","0.083","-0.028"
"596121","1","1.111","-0.429","-0.123"
"596126","1","1.203","-0.392","-0.058"
"596126","2","-0.000","0.100","-0.027"
"596131","1","1.203","-0.293","0.087"
"596136","2","-0.023","0.151","-0.020"
"596137","1","1.111","-0.172","0.240"
"596141","2","-0.049","0.170","-0.012"
"596141","1","0.937","-0.025","0.462"
"596146","2","-0.076","0.178","-0.009"
"596147","1","0.664","0.087","0.636"
"596151","1","0.366","0.193","0.764"
"596151","2","-0.106","0.172","-0.009"
"596156","1","0.088","0.261","0.803"
"596161","2","-0.154","0.115","-0.015"
"596162","1","-0.145","0.279","0.801"
"596166","2","-0.160","0.072","-0.025"
"596167","1","-0.308","0.305","0.798"
"596171","2","-0.160","0.027","-0.035"
"596171","1","-0.362","0.277","0.788"
"596176","2","-0.146","-0.014","-0.048"
"596177","1","-0.367","0.252","0.743"
"596181","1","-0.324","0.213","0.606"
"596181","2","-0.122","-0.046","-0.060"
"596188","1","-0.217","0.145","0.458"
"596191","2","-0.065","-0.071","-0.059"
"596192","1","-0.125","0.107","0.296"
"596196","2","-0.028","-0.068","-0.058"
"596197","1","-0.073","0.056","0.120"
"596201","1","0.030","0.023","0.024"
"596202","2","0.010","-0.062","-0.058"
"596206","2","0.044","-0.054","-0.050"
"596207","1","0.102","0.033","-0.071"
"596212","1","0.140","0.080","-0.171"
"596216","2","0.081","-0.043","-0.044"
"596217","1","0.169","0.094","-0.160"
"596222","1","0.122","0.102","-0.091"
"596222","2","0.084","-0.035","-0.036"
"596227","2","0.084","-0.032","-0.029"
"596227","1","0.037","0.121","-0.058"
"596232","1","-0.024","0.158","0.006"
"596232","2","0.072","-0.032","-0.025"
"596237","1","-0.097","0.205","0.095"
"596237","2","0.054","-0.035","-0.021"
"596242","2","0.034","-0.042","-0.015"
"596247","1","-0.234","0.318","0.183"
"596247","2","0.013","-0.050","-0.008"
"596252","2","-0.007","-0.059","0.002"
"596253","1","-0.255","0.336","0.178"
"596257","1","-0.274","0.318","0.147"
"596257","2","-0.031","-0.074","0.010"
"596262","1","-0.257","0.275","0.071"
"596262","2","-0.057","-0.086","0.014"
"596267","1","-0.260","0.220","-0.050"
"596273","2","-0.089","-0.097","0.007"
"596274","1","-0.210","0.166","-0.141"
"596277","1","-0.130","0.101","-0.187"
"596278","2","-0.098","-0.091","0.003"
"596282","1","-0.053","0.049","-0.181"
"596283","2","-0.107","-0.080","0.005"
"596287","1","-0.004","-0.029","-0.248"
"596288","2","-0.110","-0.071","0.006"
"596292","2","-0.106","-0.057","0.004"
"596293","1","0.035","-0.123","-0.383"
"596300","1","0.075","-0.160","-0.453"
"596302","2","-0.097","-0.024","-0.009"
"596303","1","0.092","-0.201","-0.425"
"596308","2","-0.092","-0.011","-0.010"
"596308","1","0.090","-0.215","-0.370"
"596312","2","-0.075","-0.003","-0.006"
"596313","1","0.049","-0.172","-0.338"
"596317","2","-0.058","0.004","-0.005"
"596318","1","-0.035","-0.156","-0.295"
"596323","2","-0.039","0.008","-0.006"
"596327","2","-0.025","0.012","-0.004"
"596328","1","-0.067","-0.159","-0.253"
"596333","2","-0.014","0.014","-0.004"
"596333","1","-0.114","-0.157","-0.227"
"596338","2","-0.007","0.017","-0.005"
"596338","1","-0.145","-0.139","-0.212"
"596343","1","-0.175","-0.150","-0.218"
"596343","2","-0.000","0.021","-0.004"
"596348","2","0.009","0.022","-0.002"
"596349","1","-0.171","-0.156","-0.192"
"596353","2","0.014","0.020","0.002"
"596358","2","0.019","0.018","0.008"
"596359","1","-0.177","-0.153","-0.149"
"596363","2","0.026","0.015","0.010"
"596364","1","-0.200","-0.116","-0.094"
"596368","2","0.034","0.008","0.013"
"596369","1","-0.187","-0.078","-0.129"
"596373","1","-0.186","-0.052","-0.167"
"596374","2","0.035","0.005","0.014"
"596378","2","0.032","0.004","0.015"
"596383","2","0.021","0.002","0.007"
"596384","1","-0.217","-0.005","-0.139"
"596389","2","0.003","0.003","-0.007"
"596389","1","-0.148","0.025","-0.112"
"596393","2","-0.018","0.001","-0.017"
"596394","1","-0.070","0.078","-0.079"
"596398","1","-0.015","0.154","-0.070"
"596399","2","-0.042","0.002","-0.026"
"596404","2","-0.070","0.009","-0.025"
"596404","1","0.054","0.214","-0.050"
"596409","1","0.064","0.184","0.001"
"596414","2","-0.108","0.034","-0.020"
"596415","1","0.077","0.150","0.044"
"596419","2","-0.112","0.042","-0.019"
"596420","1","0.051","0.088","0.003"
"596425","1","-0.025","0.060","0.013"
"596425","2","-0.107","0.047","-0.017"
"596430","2","-0.092","0.047","-0.010"
"596431","1","-0.097","0.034","0.025"
"596434","1","-0.125","0.033","-0.011"
"596439","2","-0.022","0.031","0.009"
"596440","1","-0.146","0.011","-0.031"
"596444","1","-0.176","0.020","-0.032"
"596445","2","0.022","0.018","0.019"
"596449","2","0.067","0.007","0.022"
"596450","1","-0.212","0.016","-0.040"
"596454","1","-0.228","-0.016","-0.072"
"596455","2","0.103","-0.004","0.020"
"596459","2","0.127","-0.011","0.018"
"596460","1","-0.180","-0.008","-0.121"
"596464","2","0.141","-0.014","0.012"
"596470","2","0.139","-0.012","0.012"
"596470","1","-0.070","0.077","-0.103"
"596474","1","0.009","0.122","0.016"
"596475","2","0.117","-0.008","0.011"
"596479","1","0.068","0.195","0.115"
"596480","2","0.086","-0.007","0.012"
"596484","1","0.083","0.283","0.099"
"596485","2","0.044","-0.009","0.009"
"596490","1","0.098","0.304","0.121"
"596495","2","-0.048","-0.002","0.010"
"596496","1","0.096","0.298","0.169"
"596500","1","0.076","0.235","0.162"
"596500","2","-0.092","0.002","0.007"
"596505","2","-0.127","0.001","0.003"
"596506","1","0.021","0.156","0.110"
"596510","2","-0.146","0.001","0.004"
"596511","1","0.023","0.015","0.146"
"596515","2","-0.145","-0.007","0.004"
"596515","1","-0.009","-0.031","0.105"
"596520","1","-0.005","-0.120","0.059"
"596525","2","-0.096","-0.025","0.012"
"596526","1","0.016","-0.210","0.029"
"596530","2","-0.056","-0.034","0.013"
"596531","1","0.025","-0.295","-0.007"
"596535","1","0.078","-0.318","-0.051"
"596536","2","-0.011","-0.039","0.012"
"596540","2","0.032","-0.040","0.007"
"596541","1","0.111","-0.289","-0.094"
"596545","1","0.170","-0.250","-0.114"
"596556","1","0.205","-0.055","-0.250"
"596557","2","0.112","-0.021","0.007"
"596558","1","0.205","-0.055","-0.250"
"596560","2","0.112","-0.008","0.011"
"596561","1","0.153","0.029","-0.252"
"596565","2","0.101","0.004","0.015"
"596566","1","0.083","0.106","-0.149"
"596570","1","-0.020","0.138","-0.038"
"596571","2","0.080","0.017","0.018"
"596575","2","0.051","0.022","0.017"
"596580","1","-0.184","0.104","0.040"
"596581","2","0.022","0.022","0.013"
"596586","2","-0.006","0.014","0.005"
"596586","1","-0.243","0.058","0.103"
"596591","2","-0.033","0.001","-0.004"
"596591","1","-0.253","0.037","0.120"
"596596","1","-0.186","-0.017","0.161"
"596596","2","-0.048","-0.010","-0.007"
"596601","2","-0.050","-0.022","-0.004"
"596601","1","-0.161","-0.048","0.162"
"596609","1","-0.082","-0.093","0.098"
"596611","1","-0.001","-0.098","0.123"
"596612","2","-0.032","-0.045","-0.003"
"596616","2","-0.018","-0.045","-0.004"
"596617","1","0.088","-0.092","0.117"
"596621","1","0.149","-0.094","0.081"
"596621","2","-0.002","-0.043","-0.005"
"596626","2","0.008","-0.038","-0.004"
"596626","1","0.174","-0.079","0.150"
"596631","2","0.016","-0.029","-0.007"
"596637","1","0.160","0.009","0.135"
"596641","1","0.094","0.046","0.093"
"596646","2","0.023","-0.022","-0.006"
"596649","2","0.018","-0.013","0.001"
"596651","1","0.042","0.035","0.040"
"596652","2","0.013","-0.010","0.004"
"596653","1","0.023","0.041","-0.028"
"596657","2","0.006","-0.008","0.008"
"596657","1","0.032","0.031","-0.129"
"596661","2","0.006","-0.010","0.005"
"596666","2","0.011","-0.007","0.000"
"596667","1","0.121","-0.010","-0.251"
"596672","2","0.016","-0.007","-0.001"
"596672","1","0.183","-0.025","-0.267"
"596676","2","0.016","-0.004","-0.002"
"596677","1","0.260","-0.033","-0.149"
"596682","2","0.011","0.005","-0.001"
"596682","1","0.304","-0.039","-0.048"
"596687","2","0.006","0.008","0.001"
"596687","1","0.332","-0.015","0.038"
"596692","1","0.368","-0.006","0.229"
"596697","2","-0.030","0.016","0.004"
"596698","1","0.326","0.030","0.380"
"596702","2","-0.055","0.019","0.009"
"596702","1","0.243","0.084","0.420"
"596707","1","0.141","0.095","0.376"
"596707","2","-0.075","0.015","0.007"
"596712","2","-0.089","0.007","0.002"
"596713","1","0.117","0.108","0.316"
"596718","2","-0.099","-0.004","-0.006"
"596723","2","-0.106","-0.010","-0.011"
"596724","1","0.093","0.019","0.237"
"596727","2","-0.103","-0.013","-0.018"
"596728","1","0.136","-0.060","0.043"
"596732","1","0.174","-0.164","-0.077"
"596733","2","-0.085","-0.022","-0.027"
"596737","2","-0.056","-0.023","-0.036"
"596738","1","0.259","-0.175","-0.139"
"596742","1","0.388","-0.171","-0.124"
"596743","2","-0.024","-0.015","-0.038"
"596748","1","0.467","-0.174","-0.111"
"596752","2","0.029","0.008","-0.035"
"596753","1","0.484","-0.118","-0.161"
"596758","2","0.042","0.022","-0.040"
"596758","1","0.499","-0.057","-0.116"
"596763","1","0.534","0.015","-0.026"
"596763","2","0.037","0.042","-0.041"
"596768","2","0.021","0.061","-0.042"
"596768","1","0.536","0.119","-0.016"
"596773","2","0.005","0.072","-0.038"
"596777","2","-0.015","0.078","-0.031"
"596778","1","0.335","0.230","-0.015"
"596783","2","-0.036","0.084","-0.018"
"596784","1","0.240","0.226","0.076"
"596788","2","-0.056","0.085","-0.009"
"596789","1","0.126","0.144","0.205"
"596793","2","-0.067","0.079","-0.011"
"596794","1","0.036","0.082","0.178"
"596798","2","-0.062","0.063","-0.018"
"596799","1","-0.025","0.085","0.074"
"596804","1","-0.055","0.110","0.017"
"596808","2","-0.037","0.023","-0.033"
"596809","1","-0.111","0.104","-0.062"
"596813","2","-0.033","0.013","-0.036"
"596814","1","-0.138","0.051","-0.105"
"596818","2","-0.035","0.016","-0.033"
"596819","1","-0.178","-0.032","-0.096"
"596824","2","-0.043","0.030","-0.036"
"596824","1","-0.241","0.009","0.062"
"596830","1","-0.290","0.221","0.232"
"596835","2","-0.005","0.028","-0.018"
"596836","1","-0.347","0.281","0.121"
"596839","2","0.019","0.004","-0.008"
"596839","1","-0.432","0.094","-0.158"
"596844","2","0.033","-0.017","-0.021"
"596844","1","-0.497","-0.178","-0.530"
"596849","2","0.036","-0.023","-0.047"
"596849","1","-0.514","-0.433","-0.942"
"596854","2","0.043","-0.003","-0.072"
"596854","1","-0.578","-0.624","-1.288"
"596861","1","-0.734","-0.651","-1.514"
"596864","1","-0.901","-0.501","-1.545"
"596865","2","0.055","0.097","-0.090"
"596869","2","0.066","0.152","-0.067"
"596869","1","-1.083","-0.277","-1.370"
"596874","2","0.064","0.188","-0.027"
"596874","1","-1.259","0.014","-1.002"
"596879","2","0.059","0.190","0.016"
"596879","1","-1.418","0.315","-0.552"
"596884","2","0.043","0.164","0.047"
"596889","2","0.018","0.117","0.056"
"596890","1","-1.476","0.516","0.223"
"596894","2","-0.012","0.060","0.043"
"596894","1","-1.414","0.417","0.268"
"596899","2","-0.044","0.016","0.015"
"596900","1","-1.205","0.249","0.200"
"596904","2","-0.066","-0.005","-0.007"
"596905","1","-0.919","0.045","0.175"
"596909","2","-0.076","-0.007","-0.013"
"596910","1","-0.656","-0.143","0.090"
"596917","1","-0.416","-0.259","-0.079"
"596919","2","-0.022","0.019","0.015"
"596920","1","-0.284","-0.318","-0.176"
"596924","2","0.039","0.027","0.036"
"596925","1","-0.225","-0.328","-0.123"
"596929","2","0.108","0.033","0.058"
"596930","1","-0.233","-0.340","-0.085"
"596934","2","0.180","0.031","0.067"
"596935","1","-0.282","-0.415","-0.186"
"596940","2","0.244","0.019","0.060"
"596946","2","0.294","0.010","0.043"
"596947","1","-0.427","-0.482","-0.293"
"596950","2","0.327","0.004","0.023"
"596950","1","-0.428","-0.365","-0.229"
"596954","2","0.341","-0.004","0.022"
"596955","1","-0.387","-0.196","-0.107"
"596960","2","0.337","-0.012","0.030"
"596960","1","-0.339","0.041","0.065"
"596964","1","-0.304","0.226","0.190"
"596965","2","0.326","-0.027","0.044"
"596972","1","-0.285","0.292","0.225"
"596975","1","-0.290","0.262","0.244"
"596975","2","0.245","-0.049","0.062"
"596980","2","0.179","-0.050","0.051"
"596982","1","-0.276","0.212","0.166"
"596985","1","-0.265","0.171","0.049"
"596986","2","0.113","-0.043","0.042"
"596990","2","0.056","-0.031","0.040"
"596991","1","-0.266","0.193","0.134"
"596995","1","-0.191","0.256","0.320"
"597000","1","-0.105","0.241","0.348"
"597001","2","-0.052","-0.006","0.070"
"597005","1","-0.017","0.113","0.203"
"597006","2","-0.096","-0.021","0.075"
"597010","2","-0.126","-0.043","0.058"
"597011","1","0.127","-0.029","0.105"
"597015","1","0.322","-0.094","0.119"
"597016","2","-0.145","-0.048","0.037"
"597020","2","-0.168","-0.034","0.033"
"597021","1","0.521","-0.049","0.107"
"597029","2","-0.179","0.029","0.052"
"597031","2","-0.176","0.029","0.052"
"597033","1","0.718","0.001","0.012"
"597036","2","-0.162","0.056","0.049"
"597036","1","0.791","-0.097","0.066"
"597041","1","0.828","-0.175","0.172"
"597041","2","-0.147","0.074","0.039"
"597046","2","-0.133","0.086","0.029"
"597046","1","0.802","-0.197","0.307"
"597051","2","-0.117","0.091","0.024"
"597056","2","-0.092","0.084","0.025"
"597057","1","0.748","-0.135","0.527"
"597061","1","0.717","-0.093","0.578"
"597061","2","-0.057","0.072","0.025"
"597066","2","-0.030","0.058","0.021"
"597066","1","0.721","-0.060","0.597"
"597071","2","-0.008","0.040","0.008"
"597072","1","0.745","-0.047","0.628"
"597076","2","0.003","0.029","-0.007"
"597077","1","0.783","-0.070","0.718"
"597082","1","0.785","-0.086","0.775"
"597086","2","0.007","0.011","-0.036"
"597087","1","0.774","-0.057","0.707"
"597091","1","0.762","-0.019","0.642"
"597092","2","0.015","-0.005","-0.046"
"597096","2","0.012","-0.014","-0.054"
"597097","1","0.735","-0.016","0.653"
"597101","2","0.002","-0.019","-0.056"
"597102","1","0.697","-0.041","0.637"
"597106","2","-0.002","-0.028","-0.063"
"597112","1","0.624","-0.021","0.491"
"597112","2","0.002","-0.040","-0.075"
"597116","2","0.006","-0.051","-0.087"
"597117","1","0.624","-0.023","0.419"
"597122","1","0.652","-0.010","0.350"
"597122","2","0.010","-0.059","-0.094"
"597126","2","0.021","-0.067","-0.099"
"597127","1","0.678","0.006","0.314"
"597131","2","0.032","-0.068","-0.101"
"597132","1","0.694","0.018","0.348"
"597137","2","0.043","-0.064","-0.095"
"597142","2","0.058","-0.063","-0.093"
"597143","1","0.677","0.052","0.256"
"597146","2","0.074","-0.059","-0.094"
"597147","1","0.568","-0.029","0.111"
"597152","1","0.445","-0.136","-0.061"
"597152","2","0.084","-0.054","-0.103"
"597157","1","0.293","-0.150","-0.179"
"597158","2","0.091","-0.043","-0.113"
"597162","1","0.076","0.017","-0.075"
"597167","2","0.103","-0.007","-0.091"
"597168","1","-0.125","0.345","0.184"
"597177","1","-0.295","0.637","0.233"
"597178","2","0.113","-0.006","-0.054"
"597180","2","0.109","-0.032","-0.023"
"597180","1","-0.508","0.615","-0.150"
"597183","2","0.077","-0.057","-0.022"
"597183","1","-0.741","0.328","-0.793"
"597188","2","0.020","-0.054","-0.050"
"597188","1","-0.958","0.015","-1.492"
"597197","1","-1.519","-0.097","-1.978"
"597198","2","-0.099","0.069","-0.082"
"597202","2","-0.129","0.156","-0.039"
"597203","1","-1.856","0.194","-1.592"
"597207","2","-0.130","0.213","0.037"
"597208","1","-2.194","0.574","-1.157"
"597212","1","-2.485","0.829","-0.814"
"597213","2","-0.123","0.211","0.123"
"597217","2","-0.114","0.159","0.186"
"597218","1","-2.620","0.838","-0.483"
"597225","2","-0.109","0.071","0.195"
"597228","2","-0.102","-0.030","0.159"
"597228","1","-2.164","0.329","0.059"
"597233","2","-0.090","-0.112","0.096"
"597233","1","-1.616","-0.012","0.151"
"597238","1","-0.949","-0.319","0.077"
"597238","2","-0.069","-0.165","0.037"
"597243","2","-0.041","-0.179","0.001"
"597243","1","-0.272","-0.530","-0.058"
"597248","2","-0.009","-0.149","-0.009"
"597253","2","0.028","-0.096","0.004"
"597253","1","0.744","-0.647","-0.193"
"597258","2","0.070","-0.035","0.024"
"597259","1","0.983","-0.695","-0.327"
"597263","2","0.116","0.019","0.027"
"597264","1","1.014","-0.781","-0.430"
"597268","2","0.144","0.065","0.013"
"597269","1","0.902","-0.839","-0.362"
"597273","2","0.153","0.089","-0.005"
"597274","1","0.715","-0.792","-0.215"
"597280","1","0.511","-0.613","-0.060"
"597283","2","0.156","0.080","-0.041"
"597284","1","0.362","-0.374","0.158"
"597289","2","0.142","0.057","-0.042"
"597289","1","0.293","-0.117","0.458"
"597294","2","0.119","0.028","-0.040"
"597294","1","0.281","0.099","0.692"
"597299","2","0.089","0.004","-0.038"
"597299","1","0.309","0.243","0.856"
"597304","2","0.053","-0.016","-0.037"
"597309","2","0.011","-0.029","-0.041"
"597310","1","0.362","0.309","1.097"
"597314","1","0.369","0.341","0.959"
"597314","2","-0.011","-0.037","-0.047"
"597319","2","-0.007","-0.038","-0.043"
"597319","1","0.350","0.298","0.659"
"597324","2","-0.020","-0.027","-0.027"
"597324","1","0.328","0.148","0.399"
"597329","2","-0.063","-0.007","-0.007"
"597329","1","0.288","-0.025","0.341"
"597334","2","-0.091","0.017","0.012"
"597339","2","-0.078","0.025","0.018"
"597340","1","0.204","0.017","0.213"
"597344","2","-0.047","0.014","0.002"
"597345","1","0.088","-0.076","0.001"
"597349","2","-0.030","0.001","-0.017"
"597350","1","0.014","-0.255","-0.126"
"597354","2","-0.034","0.001","-0.025"
"597355","1","-0.002","-0.331","-0.159"
"597359","2","-0.028","0.001","-0.023"
"597364","1","-0.031","-0.116","-0.367"
"597364","2","-0.018","0.002","-0.008"
"597369","2","-0.020","0.006","0.003"
"597370","1","-0.080","-0.027","-0.381"
"597374","2","-0.028","0.014","0.009"
"597374","1","-0.139","0.056","-0.285"
"597379","2","-0.041","0.022","0.010"
"597380","1","-0.185","0.138","-0.164"
"597386","1","-0.286","0.205","-0.062"
"597387","2","-0.067","0.028","0.009"
"597392","1","-0.405","0.238","-0.008"
"597394","2","-0.121","0.027","0.013"
"597395","1","-0.497","0.233","0.042"
"597400","2","-0.140","0.018","0.020"
"597400","1","-0.565","0.200","0.083"
"597405","2","-0.149","0.000","0.025"
"597405","1","-0.589","0.135","0.094"
"597410","2","-0.147","-0.021","0.031"
"597410","1","-0.573","0.045","0.102"
"597415","2","-0.131","-0.043","0.033"
"597420","2","-0.105","-0.056","0.025"
"597420","1","-0.375","-0.136","-0.037"
"597425","2","-0.072","-0.062","0.018"
"597425","1","-0.179","-0.212","-0.121"
"597430","2","-0.034","-0.057","0.015"
"597430","1","0.010","-0.251","-0.174"
"597435","2","0.001","-0.042","0.007"
"597435","1","0.111","-0.263","-0.231"
"597440","2","0.026","-0.023","-0.003"
"597441","1","0.194","-0.252","-0.280"
"597447","1","0.232","-0.197","-0.259"
"597450","2","0.039","0.013","-0.009"
"597451","1","0.246","-0.127","-0.253"
"597455","2","0.029","0.022","-0.014"
"597456","1","0.219","-0.036","-0.229"
"597460","2","0.017","0.023","-0.017"
"597461","1","0.134","0.088","-0.193"
"597465","2","-0.002","0.019","-0.019"
"597466","1","0.076","0.167","-0.158"
"597471","2","-0.038","0.019","-0.016"
"597476","2","-0.077","0.022","-0.009"
"597477","1","-0.045","0.162","0.112"
"597481","2","-0.106","0.019","-0.005"
"597481","1","-0.084","0.153","0.119"
"597486","2","-0.121","0.014","-0.007"
"597486","1","-0.127","0.139","0.152"
"597491","2","-0.128","0.003","-0.002"
"597492","1","-0.138","0.093","0.205"
"597496","2","-0.129","-0.007","0.004"
"597496","1","-0.129","0.000","0.200"
"597504","2","-0.114","-0.015","0.009"
"597506","1","-0.171","-0.037","0.092"
"597507","2","-0.091","-0.019","0.011"
"597511","2","-0.070","-0.024","0.016"
"597512","1","-0.172","-0.039","0.108"
"597516","2","-0.050","-0.024","0.024"
"597517","1","-0.181","-0.001","0.104"
"597521","2","-0.022","-0.022","0.026"
"597522","1","-0.235","0.013","0.021"
"597527","1","-0.323","0.001","-0.044"
"597531","1","-0.363","-0.028","-0.067"
"597532","2","0.011","-0.032","0.015"
"597536","2","0.019","-0.041","0.009"
"597537","1","-0.354","-0.053","-0.065"
"597541","2","0.019","-0.050","0.002"
"597542","1","-0.271","-0.010","-0.023"
"597546","1","-0.188","0.011","0.036"
"597547","2","0.024","-0.060","-0.003"
"597551","2","0.020","-0.070","-0.006"
"597552","1","-0.100","0.023","0.042"
"597559","2","0.015","-0.074","-0.012"
"597561","2","0.004","-0.073","-0.015"
"597562","1","0.103","0.033","-0.075"
"597567","2","-0.006","-0.063","-0.013"
"597567","1","0.190","-0.020","-0.156"
"597571","1","0.208","-0.050","-0.140"
"597572","2","-0.015","-0.047","-0.008"
"597576","1","0.183","-0.058","-0.160"
"597577","2","-0.021","-0.030","-0.005"
"597581","1","0.140","-0.064","-0.123"
"597586","2","-0.029","-0.012","-0.001"
"597588","1","0.099","-0.044","-0.054"
"597593","2","-0.034","-0.013","-0.001"
"597594","1","0.070","-0.027","-0.043"
"597596","2","-0.035","-0.019","0.001"
"597597","1","0.015","0.014","-0.044"
"597602","1","-0.031","0.021","-0.036"
"597603","2","-0.038","-0.022","0.003"
"597607","2","-0.037","-0.025","-0.000"
"597608","1","-0.068","-0.030","-0.098"
"597616","2","-0.039","-0.029","-0.002"
"597617","1","-0.137","0.013","0.016"
"597618","2","-0.039","-0.025","0.000"
"597622","2","-0.038","-0.026","0.006"
"597623","1","-0.177","0.106","0.044"
"597627","1","-0.204","0.163","-0.049"
"597628","2","-0.038","-0.032","0.008"
"597632","1","-0.254","0.136","-0.112"
"597633","2","-0.034","-0.041","0.008"
"597637","2","-0.033","-0.044","0.008"
"597643","2","-0.029","-0.049","0.005"
"597644","1","-0.278","0.079","-0.021"
"597648","2","-0.018","-0.057","0.001"
"597648","1","-0.236","0.090","-0.089"
"597652","2","-0.006","-0.058","-0.001"
"597653","1","-0.216","0.071","-0.184"
"597657","1","-0.146","0.017","-0.221"
"597658","2","0.010","-0.053","-0.000"
"597662","2","0.020","-0.047","0.001"
"597663","1","-0.067","-0.001","-0.211"
"597668","2","0.033","-0.040","-0.000"
"597673","2","0.047","-0.039","-0.001"
"597673","1","0.069","-0.052","-0.213"
"597678","2","0.059","-0.039","-0.001"
"597678","1","0.104","-0.005","-0.201"
"597683","2","0.070","-0.035","0.005"
"597683","1","0.110","0.003","-0.176"
"597688","1","0.103","0.008","-0.219"
"597688","2","0.075","-0.028","0.009"
"597693","2","0.083","-0.022","0.011"
"597698","2","0.087","-0.018","0.010"
"597698","1","0.042","-0.028","-0.315"
"597705","1","-0.031","-0.036","-0.227"
"597706","2","0.075","-0.014","0.007"
"597708","2","0.068","-0.015","0.002"
"597709","1","-0.102","0.005","-0.202"
"597715","1","-0.130","0.025","-0.231"
"597716","2","0.060","-0.019","0.003"
"597718","2","0.048","-0.024","0.012"
"597719","1","-0.200","0.062","-0.168"
"597723","1","-0.210","0.069","-0.152"
"597728","1","-0.236","0.050","-0.113"
"597729","2","0.029","-0.045","0.018"
"597734","2","0.020","-0.053","0.011"
"597734","1","-0.256","-0.010","-0.143"
"597738","2","0.013","-0.059","0.004"
"597739","1","-0.250","-0.061","-0.098"
"597744","2","0.011","-0.062","-0.001"
"597744","1","-0.177","-0.053","-0.087"
"597749","2","0.016","-0.065","-0.000"
"597754","2","0.025","-0.063","0.001"
"597754","1","-0.089","-0.071","-0.065"
"597759","2","0.034","-0.061","-0.001"
"597759","1","-0.062","-0.103","-0.125"
"597764","2","0.039","-0.058","-0.004"
"597764","1","0.026","-0.134","-0.088"
"597768","1","0.074","-0.110","-0.097"
"597769","2","0.048","-0.054","-0.010"
"597773","2","0.058","-0.045","-0.014"
"597774","1","0.093","-0.036","-0.155"
"597779","1","0.064","-0.021","-0.222"
"597784","2","0.071","-0.027","-0.014"
"597785","1","0.044","-0.002","-0.268"
"597789","2","0.074","-0.014","-0.014"
"597790","1","0.011","-0.010","-0.276"
"597794","1","-0.055","-0.034","-0.302"
"597794","2","0.081","0.001","-0.014"
"597799","1","-0.100","0.025","-0.222"
"597799","2","0.085","0.008","-0.014"
"597804","1","-0.180","-0.003","-0.097"
"597810","2","0.093","0.014","-0.001"
"597811","1","-0.274","-0.032","0.008"
"597814","2","0.100","0.010","0.004"
"597814","1","-0.294","0.032","-0.071"
"597820","2","0.116","0.001","0.005"
"597820","1","-0.303","0.108","-0.189"
"597824","2","0.133","-0.008","0.009"
"597825","1","-0.307","0.124","-0.182"
"597830","2","0.137","-0.014","0.016"
"597830","1","-0.277","0.113","-0.080"
"597838","1","-0.248","0.038","0.003"
"597840","2","0.109","-0.023","0.017"
"597840","1","-0.197","-0.067","-0.011"
"597844","1","-0.131","-0.146","0.022"
"597845","2","0.085","-0.029","0.005"
"597849","1","-0.068","-0.133","0.061"
"597850","2","0.065","-0.035","-0.008"
"597854","2","0.053","-0.039","-0.015"
"597855","1","-0.006","-0.092","0.133"
"597859","2","0.050","-0.046","-0.014"
"597865","1","0.072","-0.046","0.031"
"597866","2","0.055","-0.051","-0.010"
"597870","1","0.098","-0.019","-0.077"
"597870","2","0.062","-0.057","-0.008"
"597875","1","0.050","-0.011","-0.084"
"597875","2","0.076","-0.055","-0.011"
"597880","1","0.020","-0.049","-0.170"
"597880","2","0.089","-0.048","-0.016"
"597885","2","0.101","-0.039","-0.023"
"597885","1","-0.049","-0.047","-0.234"
"597890","1","-0.094","-0.036","-0.206"
"597895","1","-0.169","0.053","-0.169"
"597896","2","0.134","-0.026","-0.030"
"597900","2","0.145","-0.022","-0.022"
"597901","1","-0.232","0.131","-0.114"
"597905","1","-0.292","0.172","-0.075"
"597905","2","0.158","-0.024","-0.010"
"597910","2","0.168","-0.029","0.001"
"597911","1","-0.366","0.193","-0.099"
"597915","1","-0.420","0.135","-0.150"
"597920","2","0.170","-0.037","0.020"
"597921","1","-0.390","0.142","-0.283"
"597925","1","-0.287","0.180","-0.413"
"597926","2","0.174","-0.044","0.023"
"597930","2","0.176","-0.047","0.028"
"597931","1","-0.201","0.221","-0.355"
"597935","2","0.169","-0.042","0.035"
"597936","1","-0.117","0.183","-0.333"
"597941","1","-0.082","0.090","-0.396"
"597942","2","0.156","-0.031","0.046"
"597950","1","-0.105","-0.150","-0.410"
"597951","2","0.131","0.004","0.059"
"597952","1","-0.122","-0.150","-0.410"
"597956","2","0.122","0.020","0.065"
"597956","1","-0.158","-0.165","-0.356"
"597961","2","0.125","0.033","0.075"
"597961","1","-0.217","-0.096","-0.274"
"597966","1","-0.290","-0.025","-0.192"
"597966","2","0.133","0.040","0.090"
"597971","1","-0.393","-0.009","-0.100"
"597976","2","0.141","0.033","0.116"
"597976","1","-0.488","-0.006","-0.059"
"597981","2","0.135","0.024","0.116"
"597982","1","-0.546","-0.081","-0.031"
"597986","2","0.122","0.017","0.111"
"597986","1","-0.570","-0.158","-0.047"
"597991","1","-0.550","-0.251","-0.182"
"597992","2","0.108","0.010","0.099"
"597996","2","0.096","0.004","0.083"
"597996","1","-0.480","-0.307","-0.264"
"598004","1","-0.347","-0.307","-0.323"
"598006","2","0.059","0.008","0.066"
"598007","1","-0.251","-0.353","-0.259"
"598011","2","0.030","0.019","0.056"
"598012","1","-0.196","-0.280","-0.076"
"598016","2","0.012","0.032","0.051"
"598017","1","-0.115","-0.169","0.077"
"598021","2","0.006","0.041","0.055"
"598022","1","-0.033","-0.161","0.266"
"598026","2","-0.002","0.041","0.056"
"598032","2","-0.015","0.032","0.040"
"598032","1","0.040","-0.408","0.314"
"598036","2","-0.028","0.019","0.019"
"598037","1","0.106","-0.496","0.445"
"598042","1","0.198","-0.517","0.461"
"598042","2","-0.038","0.018","0.007"
"598046","1","0.285","-0.410","0.432"
"598047","2","-0.043","0.018","0.004"
"598052","2","-0.038","0.015","0.005"
"598052","1","0.382","-0.189","0.430"
"598059","1","0.507","0.031","0.454"
"598062","2","-0.028","0.018","0.024"
"598062","1","0.619","0.119","0.529"
"598067","1","0.712","0.053","0.637"
"598067","2","-0.039","0.020","0.023"
"598072","2","-0.061","0.023","0.006"
"598073","1","0.795","-0.024","0.697"
"598077","2","-0.081","0.028","-0.021"
"598077","1","0.900","-0.060","0.773"
"598082","2","-0.097","0.027","-0.039"
"598087","2","-0.095","0.025","-0.044"
"598089","1","1.063","-0.176","0.758"
"598092","2","-0.085","0.018","-0.038"
"598093","1","1.114","-0.205","0.699"
"598097","1","1.146","-0.171","0.791"
"598098","2","-0.070","0.016","-0.030"
"598102","2","-0.050","0.019","-0.022"
"598103","1","1.145","-0.130","0.895"
"598107","2","-0.030","0.020","-0.020"
"598108","1","1.131","-0.077","0.914"
"598113","2","-0.011","0.020","-0.033"
"598118","1","1.087","0.250","0.903"
"598118","2","0.002","0.016","-0.051"
"598123","1","1.062","0.362","0.927"
"598123","2","0.011","0.008","-0.062"
"598127","1","1.018","0.343","1.045"
"598128","2","0.006","0.002","-0.065"
"598133","2","-0.020","-0.003","-0.062"
"598133","1","0.933","0.301","1.065"
"598138","1","0.811","0.225","0.976"
"598143","1","0.718","0.111","0.911"
"598144","2","-0.040","-0.041","-0.066"
"598148","2","-0.038","-0.065","-0.082"
"598149","1","0.601","-0.064","0.764"
"598153","1","0.478","-0.270","0.379"
"598154","2","-0.025","-0.088","-0.102"
"598158","1","0.358","-0.359","0.218"
"598158","2","-0.006","-0.102","-0.121"
"598163","2","0.021","-0.098","-0.126"
"598164","1","0.274","-0.135","0.312"
"598173","1","0.211","0.167","0.022"
"598174","2","0.105","-0.095","-0.065"
"598174","1","0.084","0.135","-0.982"
"598178","1","-0.143","-0.234","-2.395"
"598179","2","0.108","-0.104","-0.070"
"598183","2","0.071","-0.076","-0.117"
"598184","1","-0.495","-0.620","-3.520"
"598188","2","0.007","0.028","-0.167"
"598189","1","-1.008","-0.740","-3.387"
"598193","2","-0.070","0.196","-0.164"
"598198","2","-0.127","0.350","-0.087"
"598199","1","-2.143","0.462","-0.839"
"598204","2","-0.135","0.407","0.039"
"598204","1","-2.746","1.276","0.008"
"598209","2","-0.114","0.338","0.152"
"598209","1","-3.255","1.720","0.537"
"598214","2","-0.111","0.185","0.226"
"598214","1","-3.513","1.738","0.910"
"598219","2","-0.137","0.006","0.236"
"598220","1","-3.490","1.498","0.949"
"598224","1","-3.159","1.083","0.489"
"598230","1","-2.552","0.549","-0.151"
"598231","2","-0.189","-0.266","0.107"
"598234","2","-0.192","-0.302","0.037"
"598234","1","-1.822","0.025","-0.612"
"598239","2","-0.180","-0.283","-0.002"
"598240","1","-1.040","-0.424","-0.929"
"598244","2","-0.153","-0.229","-0.012"
"598245","1","-0.369","-0.712","-1.163"
"598249","2","-0.096","-0.153","0.011"
"598254","1","0.409","-0.957","-1.324"
"598255","2","-0.004","-0.073","0.052"
"598259","1","0.542","-1.035","-1.260"
"598260","2","0.117","-0.005","0.092"
"598264","2","0.251","0.042","0.109"
"598265","1","0.524","-1.108","-1.253"
"598269","2","0.375","0.066","0.104"
"598270","1","0.436","-1.143","-1.313"
"598274","2","0.476","0.068","0.080"
"598275","1","0.318","-1.087","-1.300"
"598282","1","0.171","-0.910","-1.194"
"598284","2","0.622","0.072","0.032"
"598285","1","0.029","-0.635","-1.006"
"598290","2","0.652","0.076","0.030"
"598290","1","-0.090","-0.317","-0.830"
"598294","2","0.636","0.075","0.037"
"598295","1","-0.198","-0.015","-0.676"
"598300","2","0.589","0.071","0.033"
"598300","1","-0.285","0.247","-0.436"
"598305","2","0.513","0.064","0.019"
"598310","2","0.393","0.060","0.008"
"598310","1","-0.326","0.392","0.613"
"598315","2","0.248","0.040","-0.013"
"598316","1","-0.321","0.355","0.851"
"598320","2","0.105","0.004","-0.040"
"598320","1","-0.261","0.286","0.868"
"598325","2","-0.032","-0.028","-0.070"
"598325","1","-0.140","0.156","0.858"
"598330","2","-0.168","-0.047","-0.096"
"598330","1","0.009","-0.014","0.825"
"598337","1","0.200","-0.223","0.562"
"598341","2","-0.349","-0.053","-0.124"
"598342","1","0.406","-0.223","0.562"
"598346","2","-0.379","-0.045","-0.127"
"598347","1","0.604","-0.187","0.361"
"598350","1","0.810","-0.146","0.165"
"598351","2","-0.371","-0.034","-0.127"
"598355","1","0.988","-0.174","0.078"
"598355","2","-0.330","-0.020","-0.126"
"598360","2","-0.274","-0.000","-0.124"
"598365","2","-0.202","0.018","-0.124"
"598366","1","1.197","-0.144","0.243"
"598370","2","-0.118","0.033","-0.122"
"598371","1","1.258","-0.091","0.384"
"598375","1","1.275","-0.005","0.548"
"598376","2","-0.030","0.045","-0.118"
"598380","2","0.047","0.052","-0.107"
"598381","1","1.217","0.091","0.710"
"598386","2","0.104","0.059","-0.098"
"598386","1","1.137","0.188","0.813"
"598393","1","1.077","0.311","0.880"
"598396","2","0.151","0.055","-0.097"
"598396","1","0.999","0.441","0.930"
"598401","2","0.142","0.047","-0.098"
"598401","1","0.903","0.534","0.976"
"598405","2","0.109","0.034","-0.099"
"598406","1","0.834","0.587","1.078"
"598411","2","0.058","0.020","-0.100"
"598411","1","0.771","0.636","1.167"
"598415","2","0.001","0.004","-0.101"
"598422","1","0.584","0.754","1.235"
"598423","2","-0.054","-0.016","-0.100"
"598425","2","-0.098","-0.041","-0.095"
"598426","1","0.467","0.810","1.234"
"598431","2","-0.129","-0.067","-0.098"
"598431","1","0.365","0.824","1.140"
"598436","2","-0.148","-0.090","-0.104"
"598436","1","0.303","0.783","0.996"
"598441","2","-0.156","-0.112","-0.104"
"598441","1","0.264","0.732","0.839"
"598449","2","-0.154","-0.136","-0.103"
"598451","2","-0.133","-0.155","-0.099"
"598452","1","0.312","0.406","0.353"
"598456","2","-0.105","-0.167","-0.102"
"598457","1","0.373","-0.004","-0.090"
"598461","1","0.419","-0.493","-0.565"
"598461","2","-0.072","-0.167","-0.116"
"598466","2","-0.042","-0.150","-0.132"
"598467","1","0.433","-0.813","-0.806"
"598471","2","-0.000","-0.112","-0.134"
"598476","2","0.053","-0.065","-0.109"
"598477","1","0.399","-0.599","-1.481"
"598482","2","0.098","-0.025","-0.085"
"598482","1","0.173","-0.665","-2.692"
"598487","1","-0.292","-0.975","-3.643"
"598487","2","0.105","0.035","-0.087"
"598492","2","0.065","0.149","-0.103"
"598492","1","-0.902","-1.086","-3.510"
"598497","1","-1.529","-0.599","-2.468"
"598498","2","0.002","0.302","-0.087"
"598506","2","-0.047","0.424","0.061"
"598507","1","-2.629","1.156","-0.650"
"598508","2","-0.063","0.424","0.061"
"598512","2","-0.081","0.323","0.123"
"598513","1","-2.978","1.608","0.101"
"598516","2","-0.136","0.156","0.143"
"598518","1","-3.041","1.676","0.952"
"598522","1","-2.781","1.497","1.455"
"598522","2","-0.223","-0.016","0.121"
"598527","2","-0.306","-0.157","0.061"
"598532","1","-1.632","0.853","0.916"
"598533","2","-0.354","-0.236","-0.005"
"598537","1","-0.926","0.381","0.548"
"598538","2","-0.375","-0.245","-0.049"
"598542","2","-0.384","-0.200","-0.062"
"598543","1","-0.306","-0.188","0.124"
"598547","1","0.159","-0.736","-0.453"
"598548","2","-0.369","-0.129","-0.063"
"598552","1","0.454","-1.142","-0.973"
"598552","2","-0.319","-0.054","-0.057"
"598560","1","0.626","-1.326","-1.167"
"598562","1","0.679","-1.300","-0.999"
"598563","2","-0.111","0.090","-0.024"
"598567","2","0.027","0.132","-0.002"
"598568","1","0.609","-1.150","-0.757"
"598573","2","0.170","0.142","0.007"
"598573","1","0.438","-0.934","-0.593"
"598578","2","0.294","0.124","-0.001"
"598578","1","0.263","-0.706","-0.495"
"598583","2","0.382","0.096","-0.020"
"598588","2","0.424","0.074","-0.033"
"598589","1","0.065","-0.070","-0.037"
"598593","2","0.421","0.064","-0.031"
"598594","1","0.029","0.253","0.237"
"598598","2","0.376","0.052","-0.022"
"598598","1","0.013","0.501","0.451"
"598603","2","0.299","0.039","-0.017"
"598604","1","-0.024","0.598","0.527"
"598608","2","0.194","0.030","-0.014"
"598609","1","-0.060","0.580","0.600"
"598616","1","-0.081","0.538","0.590"
"598618","2","-0.034","0.007","-0.009"
"598619","1","-0.120","0.466","0.500"
"598623","2","-0.124","0.001","-0.000"
"598624","1","-0.161","0.402","0.458"
"598628","2","-0.188","-0.005","0.011"
"598629","1","-0.174","0.328","0.459"
"598633","2","-0.224","-0.010","0.023"
"598634","1","-0.187","0.258","0.490"
"598638","2","-0.229","-0.021","0.029"
"598643","2","-0.207","-0.035","0.031"
"598644","1","-0.163","0.164","0.402"
"598648","2","-0.164","-0.052","0.031"
"598649","1","-0.119","0.148","0.324"
"598653","1","-0.093","0.165","0.286"
"598654","2","-0.110","-0.066","0.037"
"598658","2","-0.048","-0.070","0.044"
"598659","1","-0.047","0.203","0.227"
"598663","2","0.008","-0.071","0.051"
"598664","1","0.012","0.186","0.123"
"598671","1","0.020","0.157","0.069"
"598673","2","0.083","-0.061","0.053"
"598674","1","0.005","0.126","0.058"
"598679","1","-0.010","0.102","0.092"
"598679","2","0.092","-0.055","0.051"
"598684","2","0.086","-0.053","0.051"
"598684","1","-0.057","0.092","0.073"
"598689","2","0.073","-0.047","0.053"
"598689","1","-0.116","0.098","0.010"
"598695","2","0.045","-0.045","0.056"
"598699","2","0.019","-0.039","0.057"
"598699","1","-0.188","0.139","-0.096"
"598704","2","-0.005","-0.035","0.061"
"598705","1","-0.220","0.141","-0.053"
"598709","2","-0.029","-0.038","0.062"
"598710","1","-0.228","0.106","-0.044"
"598714","2","-0.057","-0.041","0.057"
"598714","1","-0.248","0.022","-0.091"
"598719","2","-0.079","-0.046","0.048"
"598720","1","-0.225","-0.085","-0.128"
"598727","1","-0.165","-0.161","-0.110"
"598729","2","-0.107","-0.043","0.034"
"598730","1","-0.132","-0.211","-0.091"
"598737","2","-0.107","-0.037","0.034"
"598737","1","-0.120","-0.242","-0.155"
"598739","2","-0.100","-0.032","0.032"
"598739","1","-0.109","-0.227","-0.226"
"598744","2","-0.091","-0.026","0.030"
"598745","1","-0.095","-0.251","-0.351"
"598749","1","-0.105","-0.318","-0.442"
"598755","2","-0.075","-0.008","0.023"
"598756","1","-0.098","-0.367","-0.531"
"598760","1","-0.084","-0.378","-0.506"
"598760","2","-0.069","0.004","0.013"
"598765","2","-0.056","0.017","0.000"
"598770","1","-0.054","-0.222","-0.405"
"598770","2","-0.042","0.025","-0.004"
"598775","2","-0.034","0.033","-0.008"
"598776","1","-0.050","-0.157","-0.263"
"598780","2","-0.030","0.036","-0.008"
"598787","2","-0.027","0.033","-0.008"
"598788","1","-0.128","-0.142","-0.119"
"598790","2","-0.022","0.030","-0.013"
"598790","1","-0.183","-0.143","-0.123"
"598795","1","-0.228","-0.179","-0.112"
"598795","2","-0.022","0.028","-0.012"
"598800","1","-0.270","-0.159","-0.036"
"598800","2","-0.017","0.024","-0.015"
"598805","1","-0.272","-0.096","0.023"
"598805","2","-0.007","0.011","-0.017"
"598810","2","0.005","0.000","-0.015"
"598815","1","-0.337","0.030","0.013"
"598816","2","0.015","-0.012","-0.007"
"598821","2","0.019","-0.024","-0.003"
"598821","1","-0.337","0.042","-0.000"
"598826","2","0.018","-0.035","-0.000"
"598827","1","-0.326","0.041","-0.041"
"598830","2","0.012","-0.040","-0.004"
"598832","1","-0.301","0.055","-0.020"
"598835","2","0.004","-0.041","-0.010"
"598840","2","-0.007","-0.041","-0.013"
"598841","1","-0.188","0.180","-0.023"
"598846","2","-0.017","-0.041","-0.014"
"598846","1","-0.103","0.246","-0.065"
"598850","2","-0.029","-0.039","-0.009"
"598851","1","-0.036","0.241","-0.116"
"598855","2","-0.035","-0.035","-0.007"
"598856","1","-0.009","0.212","-0.127"
"598860","1","0.005","0.199","-0.153"
"598861","2","-0.039","-0.030","-0.004"
"598868","1","0.003","0.131","-0.139"
"598872","1","-0.064","0.022","-0.168"
"598873","2","-0.034","-0.021","0.000"
"598876","2","-0.026","-0.019","-0.003"
"598877","1","-0.106","-0.094","-0.149"
"598881","2","-0.009","-0.023","-0.003"
"598882","1","-0.172","-0.128","-0.108"
"598886","2","0.016","-0.030","0.000"
"598887","1","-0.172","-0.117","-0.186"
"598891","2","0.039","-0.040","0.007"
"598896","2","0.056","-0.049","0.005"
"598897","1","-0.143","-0.111","-0.264"
"598901","1","-0.071","-0.098","-0.236"
"598902","2","0.065","-0.054","0.004"
"598906","2","0.065","-0.049","0.000"
"598907","1","0.005","-0.059","-0.236"
"598911","1","0.035","-0.033","-0.226"
"598912","2","0.057","-0.039","-0.006"
"598916","2","0.042","-0.021","-0.009"
"598917","1","0.034","0.001","-0.152"
"598923","2","0.026","-0.005","-0.007"
"598926","2","0.004","0.007","-0.007"
"598927","1","0.005","0.073","-0.161"
"598932","2","-0.017","0.014","-0.004"
"598932","1","-0.037","0.116","-0.141"
"598936","2","-0.037","0.018","-0.000"
"598937","1","-0.065","0.155","-0.125"
"598942","2","-0.053","0.020","0.000"
"598943","1","-0.131","0.180","-0.111"
"598947","2","-0.061","0.023","0.003"
"598951","2","-0.066","0.023","0.006"
"598952","1","-0.248","0.105","-0.109"
"598957","2","-0.065","0.022","0.003"
"598957","1","-0.275","0.021","-0.157"
"598962","2","-0.056","0.025","0.002"
"598963","1","-0.288","-0.051","-0.164"
"598967","1","-0.306","-0.067","-0.172"
"598967","2","-0.041","0.027","0.006"
"598972","2","-0.020","0.025","0.008"
"598973","1","-0.278","-0.068","-0.228"
"598979","1","-0.239","-0.038","-0.251"
"598982","2","0.030","0.024","0.022"
"598982","1","-0.208","-0.022","-0.176"
"598987","1","-0.160","-0.072","-0.108"
"598987","2","0.050","0.016","0.023"
"598992","2","0.063","0.011","0.016"
"598993","1","-0.076","-0.132","-0.094"
"598998","2","0.069","0.009","0.007"
"598998","1","-0.005","-0.154","0.007"
"599003","2","0.068","0.010","-0.003"
"599008","2","0.057","0.014","-0.007"
"599009","1","0.086","-0.043","0.011"
"599014","2","0.039","0.020","-0.005"
"599014","1","0.060","0.079","0.105"
"599018","2","0.019","0.027","-0.001"
"599018","1","-0.030","0.158","0.125"
"599023","2","-0.004","0.029","0.001"
"599023","1","-0.128","0.184","0.169"
"599028","2","-0.027","0.026","-0.001"
"599028","1","-0.186","0.166","0.228"
"599033","1","-0.236","0.151","0.201"
"599038","2","-0.055","0.014","-0.009"
"599039","1","-0.214","0.132","0.163"
"599043","1","-0.174","0.075","0.154"
"599044","2","-0.061","0.002","-0.009"
"599048","2","-0.056","-0.006","-0.010"
"599048","1","-0.163","0.055","0.102"
"599053","1","-0.127","0.008","0.093"
"599054","2","-0.042","-0.011","-0.008"
"599058","2","-0.024","-0.017","-0.001"
"599063","2","-0.005","-0.018","0.007"
"599064","1","-0.126","-0.003","0.055"
"599068","2","0.019","-0.015","0.014"
"599069","1","-0.140","0.011","0.072"
"599073","2","0.041","-0.018","0.023"
"599073","1","-0.224","0.025","0.029"
"599078","2","0.052","-0.020","0.029"
"599078","1","-0.253","0.012","0.059"
"599083","2","0.059","-0.025","0.031"
"599083","1","-0.281","0.028","0.027"
"599091","1","-0.252","0.051","-0.029"
"599093","2","0.058","-0.038","0.025"
"599093","1","-0.188","0.032","-0.017"
"599099","2","0.048","-0.045","0.018"
"599099","1","-0.162","0.053","0.015"
"599103","1","-0.070","0.061","0.035"
"599104","2","0.037","-0.049","0.013"
"599109","1","0.036","0.086","-0.016"
"599109","2","0.021","-0.052","0.010"
"599114","2","0.007","-0.048","0.013"
"599118","2","-0.007","-0.044","0.017"
"599119","1","0.106","0.027","-0.100"
"599124","2","-0.020","-0.036","0.016"
"599124","1","0.124","-0.031","-0.122"
"599129","2","-0.027","-0.031","0.010"
"599129","1","0.113","-0.050","-0.139"
"599133","1","0.068","-0.072","-0.089"
"599134","2","-0.031","-0.022","0.003"
"599138","1","0.052","-0.060","-0.074"
"599139","2","-0.030","-0.012","-0.001"
"599144","1","-0.026","-0.030","-0.065"
"599149","2","-0.009","-0.008","0.011"
"599150","1","-0.098","-0.010","-0.091"
"599154","2","0.006","-0.009","0.018"
"599155","1","-0.194","-0.006","-0.089"
"599159","2","0.021","-0.015","0.025"
"599159","1","-0.289","0.000","-0.090"
"599164","2","0.031","-0.023","0.027"
"599165","1","-0.316","0.027","-0.070"
"599169","2","0.035","-0.034","0.026"
"599175","2","0.038","-0.042","0.024"
"599177","1","-0.328","0.121","-0.050"
"599179","2","0.042","-0.052","0.025"
"599179","1","-0.310","0.119","-0.132"
"599184","2","0.041","-0.056","0.029"
"599185","1","-0.272","0.110","-0.203"
"599189","1","-0.214","0.057","-0.248"
"599190","2","0.036","-0.053","0.032"
"599194","2","0.037","-0.049","0.033"
"599195","1","-0.164","0.011","-0.262"
"599202","2","0.039","-0.046","0.031"
"599205","2","0.045","-0.044","0.034"
"599206","1","-0.014","-0.010","-0.139"
"599210","2","0.051","-0.046","0.034"
"599210","1","0.008","-0.049","-0.128"
"599215","2","0.059","-0.049","0.031"
"599215","1","0.067","-0.132","-0.208"
"599220","1","0.075","-0.118","-0.267"
"599220","2","0.059","-0.050","0.024"
"599224","2","0.057","-0.046","0.013"
"599230","2","0.059","-0.036","0.013"
"599231","1","0.079","0.065","-0.146"
"599235","2","0.060","-0.029","0.022"
"599236","1","0.006","0.089","-0.140"
"599240","2","0.055","-0.022","0.027"
"599241","1","-0.070","0.024","-0.093"
"599245","2","0.040","-0.018","0.019"
"599246","1","-0.171","-0.073","-0.006"
"599250","2","0.028","-0.020","0.011"
"599251","1","-0.331","-0.094","-0.041"
"599257","1","-0.378","-0.035","-0.117"
"599260","2","0.034","-0.040","-0.004"
"599261","1","-0.371","0.067","-0.047"
"599265","2","0.041","-0.049","0.008"
"599266","1","-0.368","0.098","0.037"
"599270","2","0.053","-0.056","0.028"
"599271","1","-0.377","0.101","-0.071"
"599275","1","-0.404","0.087","-0.143"
"599276","2","0.078","-0.065","0.037"
"599281","2","0.103","-0.071","0.035"
"599285","2","0.118","-0.070","0.032"
"599287","1","-0.340","-0.033","-0.109"
"599291","1","-0.309","-0.101","-0.201"
"599292","2","0.134","-0.068","0.029"
"599296","1","-0.293","-0.156","-0.383"
"599297","2","0.156","-0.068","0.027"
"599301","1","-0.265","-0.183","-0.524"
"599302","2","0.179","-0.070","0.031"
"599306","2","0.202","-0.069","0.031"
"599307","1","-0.169","-0.143","-0.546"
"599311","1","-0.078","-0.073","-0.512"
"599316","2","0.230","-0.067","0.034"
"599317","1","-0.006","0.008","-0.408"
"599321","2","0.223","-0.061","0.032"
"599321","1","0.028","-0.029","-0.325"
"599326","2","0.205","-0.049","0.027"
"599326","1","-0.004","-0.128","-0.295"
"599331","2","0.174","-0.039","0.016"
"599331","1","-0.039","-0.176","-0.251"
"599336","1","-0.106","-0.188","-0.283"
"599341","2","0.113","-0.016","0.011"
"599342","1","-0.179","-0.175","-0.314"
"599346","2","0.097","-0.011","0.017"
"599347","1","-0.262","-0.151","-0.311"
"599351","1","-0.320","-0.079","-0.262"
"599352","2","0.092","-0.014","0.029"
"599356","1","-0.400","-0.021","-0.168"
"599357","2","0.096","-0.027","0.046"
"599361","1","-0.490","-0.017","-0.164"
"599361","2","0.111","-0.041","0.057"
"599369","1","-0.549","-0.033","-0.228"
"599371","2","0.139","-0.072","0.058"
"599372","1","-0.572","-0.069","-0.301"
"599377","1","-0.564","-0.072","-0.328"
"599377","2","0.154","-0.081","0.056"
"599382","2","0.163","-0.081","0.059"
"599382","1","-0.536","-0.080","-0.470"
"599387","1","-0.500","-0.079","-0.579"
"599388","2","0.174","-0.077","0.059"
"599392","2","0.180","-0.065","0.058"
"599396","2","0.172","-0.052","0.061"
"599397","1","-0.348","-0.055","-0.217"
"599402","2","0.158","-0.051","0.064"
"599402","1","-0.227","-0.006","-0.100"
"599406","1","-0.061","0.043","-0.035"
"599407","2","0.136","-0.066","0.060"
"599411","1","0.158","0.022","0.020"
"599412","2","0.105","-0.087","0.050"
"599416","1","0.420","-0.030","0.021"
"599417","2","0.059","-0.095","0.033"
"599424","2","0.012","-0.088","0.016"
"599428","2","-0.035","-0.071","0.002"
"599428","1","0.789","-0.212","-0.017"
"599432","2","-0.081","-0.034","-0.005"
"599432","1","0.891","-0.240","0.050"
"599437","2","-0.119","-0.003","-0.009"
"599438","1","1.003","-0.126","0.137"
"599442","2","-0.134","0.024","-0.003"
"599442","1","1.031","0.041","0.198"
"599447","2","-0.129","0.036","0.013"
"599453","2","-0.111","0.041","0.019"
"599454","1","1.013","0.124","0.567"
"599457","2","-0.095","0.038","0.009"
"599458","1","1.047","0.132","0.804"
"599462","2","-0.078","0.034","-0.004"
"599463","1","1.065","0.183","0.960"
"599467","2","-0.056","0.030","-0.012"
"599468","1","1.114","0.256","1.043"
"599472","1","1.192","0.340","1.086"
"599473","2","-0.034","0.022","-0.017"
"599481","1","1.277","0.420","1.076"
"599483","2","0.019","0.000","-0.008"
"599483","1","1.347","0.486","1.003"
"599488","2","0.040","-0.007","-0.005"
"599488","1","1.397","0.466","0.948"
"599493","2","0.038","-0.008","-0.005"
"599493","1","1.454","0.350","1.020"
"599499","2","0.018","0.002","-0.017"
"599499","1","1.515","0.249","1.108"
"599503","1","1.536","0.230","1.115"
"599507","2","0.014","0.006","-0.051"
"599508","1","1.510","0.264","1.131"
"599513","2","0.039","-0.013","-0.058"
"599514","1","1.424","0.274","1.240"
"599519","2","0.064","-0.029","-0.054"
"599519","1","1.271","0.174","1.174"
"599523","2","0.094","-0.051","-0.055"
"599523","1","1.051","-0.061","0.791"
"599528","2","0.134","-0.075","-0.070"
"599529","1","0.806","-0.301","0.594"
"599533","1","0.645","-0.309","0.677"
"599539","2","0.217","-0.099","-0.074"
"599540","1","0.539","-0.189","0.195"
"599543","2","0.242","-0.123","-0.064"
"599544","1","0.348","-0.379","-1.439"
"599548","2","0.219","-0.127","-0.095"
"599549","1","-0.064","-0.969","-3.398"
"599553","1","-0.703","-1.470","-3.907"
"599554","2","0.139","-0.050","-0.162"
"599558","2","0.019","0.139","-0.198"
"599563","2","-0.094","0.355","-0.120"
"599564","1","-2.220","0.073","-0.727"
"599569","1","-3.153","1.540","0.165"
"599569","2","-0.128","0.468","0.054"
"599574","2","-0.092","0.419","0.232"
"599574","1","-4.045","2.427","0.566"
"599579","2","-0.078","0.243","0.345"
"599579","1","-4.618","2.477","1.036"
"599584","2","-0.126","0.008","0.359"
"599584","1","-4.767","1.971","1.306"
"599591","1","-4.487","1.280","1.046"
"599594","2","-0.243","-0.382","0.149"
"599595","1","-3.797","0.651","0.350"
"599599","2","-0.236","-0.461","0.048"
"599599","1","-2.816","0.125","-0.414"
"599604","1","-1.791","-0.352","-0.901"
"599605","2","-0.194","-0.467","0.005"
"599609","2","-0.137","-0.419","0.013"
"599610","1","-0.895","-0.742","-1.150"
"599614","2","-0.059","-0.336","0.057"
"599619","2","0.051","-0.237","0.109"
"599620","1","0.198","-1.197","-1.358"
"599624","2","0.191","-0.142","0.154"
"599625","1","0.392","-1.269","-1.206"
"599629","2","0.348","-0.070","0.182"
"599630","1","0.417","-1.252","-0.908"
"599634","2","0.498","-0.035","0.197"
"599635","1","0.324","-1.166","-0.573"
"599639","1","0.177","-1.016","-0.387"
"599640","2","0.628","-0.039","0.192"
"599644","2","0.731","-0.070","0.177"
"599650","2","0.800","-0.107","0.163"
"599650","1","-0.055","-0.696","-0.535"
"599654","2","0.829","-0.125","0.161"
"599655","1","-0.179","-0.597","-0.591"
"599659","1","-0.322","-0.448","-0.602"
"599660","2","0.827","-0.123","0.168"
"599664","2","0.793","-0.114","0.180"
"599665","1","-0.479","-0.207","-0.575"
"599669","2","0.736","-0.100","0.193"
"599674","2","0.656","-0.092","0.203"
"599675","1","-0.889","0.352","-0.542"
"599680","1","-1.158","0.531","-0.302"
"599680","2","0.549","-0.094","0.212"
"599685","1","-1.428","0.682","-0.052"
"599687","2","0.421","-0.094","0.216"
"599690","2","0.295","-0.111","0.219"
"599690","1","-1.653","0.708","-0.073"
"599695","1","-1.836","0.542","-0.205"
"599695","2","0.173","-0.143","0.205"
"599700","1","-1.926","0.263","-0.267"
"599706","2","-0.048","-0.188","0.143"
"599706","1","-1.840","0.038","-0.284"
"599710","1","-1.618","-0.047","-0.271"
"599711","2","-0.122","-0.204","0.128"
"599715","2","-0.163","-0.218","0.129"
"599716","1","-1.319","-0.051","-0.275"
"599720","2","-0.170","-0.227","0.140"
"599722","1","-0.982","-0.053","-0.269"
"599725","2","-0.152","-0.231","0.149"
"599731","1","-0.438","-0.161","-0.252"
"599732","2","-0.120","-0.227","0.153"
"599735","2","-0.084","-0.212","0.162"
"599736","1","-0.184","-0.153","-0.207"
"599740","1","0.007","-0.097","-0.101"
"599741","2","-0.051","-0.183","0.170"
"599745","1","0.127","-0.040","-0.006"
"599746","2","-0.017","-0.149","0.174"
"599750","2","0.019","-0.115","0.178"
"599751","1","0.201","0.002","0.052"
"599758","2","0.050","-0.083","0.176"
"599760","2","0.071","-0.055","0.176"
"599761","1","0.232","-0.009","0.164"
"599766","2","0.083","-0.038","0.175"
"599766","1","0.203","-0.052","0.230"
"599771","2","0.091","-0.024","0.172"
"599771","1","0.162","-0.156","0.307"
"599776","1","0.102","-0.296","0.294"
"599776","2","0.094","-0.018","0.164"
"599781","2","0.101","-0.015","0.155"
"599787","2","0.107","-0.017","0.143"
"599787","1","0.067","-0.546","0.163"
"599792","2","0.108","-0.019","0.142"
"599792","1","0.125","-0.578","0.145"
"599796","1","0.207","-0.550","0.159"
"599796","2","0.106","-0.020","0.141"
"599801","2","0.095","-0.021","0.142"
"599802","1","0.329","-0.464","0.181"
"599806","2","0.073","-0.024","0.141"
"599807","1","0.486","-0.376","0.158"
"599811","1","0.627","-0.301","0.112"
"599816","1","0.743","-0.243","0.092"
"599817","2","0.012","-0.015","0.124"
"599822","2","-0.029","0.002","0.111"
"599822","1","0.845","-0.200","0.069"
"599826","1","0.932","-0.163","0.061"
"599827","2","-0.071","0.022","0.097"
"599832","1","0.954","-0.133","0.105"
"599832","2","-0.114","0.045","0.080"
"599837","2","-0.149","0.066","0.068"
"599843","2","-0.171","0.084","0.058"
"599844","1","0.842","-0.055","0.220"
"599846","2","-0.185","0.092","0.048"
"599847","1","0.732","-0.043","0.245"
"599852","1","0.598","-0.050","0.222"
"599852","2","-0.193","0.097","0.041"
"599857","2","-0.189","0.093","0.033"
"599857","1","0.479","-0.095","0.174"
"599862","2","-0.171","0.087","0.028"
"599863","1","0.370","-0.180","0.187"
"599867","1","0.287","-0.276","0.197"
"599873","2","-0.126","0.066","0.003"
"599874","1","0.231","-0.305","0.206"
"599877","2","-0.096","0.051","-0.010"
"599878","1","0.216","-0.302","0.271"
"599882","1","0.249","-0.252","0.282"
"599882","2","-0.059","0.031","-0.021"
"599887","2","-0.018","0.015","-0.020"
"599887","1","0.297","-0.156","0.272"
"599892","2","0.012","0.003","-0.014"
"599897","2","0.040","-0.004","-0.005"
"599898","1","0.370","0.010","0.341"
"599902","1","0.366","0.036","0.281"
"599903","2","0.063","-0.004","-0.005"
"599907","2","0.076","-0.006","-0.012"
"599908","1","0.356","0.067","0.229"
"599912","2","0.077","-0.005","-0.022"
"599913","1","0.331","0.075","0.171"
"599917","2","0.072","-0.002","-0.038"
"599918","1","0.328","0.065","0.064"
"599923","1","0.329","0.069","0.001"
"599927","2","0.049","-0.006","-0.048"
"599928","1","0.343","0.084","0.008"
"599933","2","0.032","-0.006","-0.042"
"599933","1","0.359","0.099","-0.026"
"599938","1","0.331","0.107","-0.126"
"599938","2","0.017","-0.012","-0.039"
"599943","2","0.002","-0.018","-0.038"
"599943","1","0.303","0.082","-0.181"
"599947","2","-0.016","-0.019","-0.040"
"599953","2","-0.034","-0.017","-0.044"
"599953","1","0.232","-0.053","-0.273"
"599958","2","-0.049","-0.011","-0.050"
"599959","1","0.204","-0.057","-0.243"
"599963","1","0.164","-0.019","-0.169"
"599963","2","-0.063","-0.007","-0.050"
"599969","1","0.125","0.053","-0.086"
"599970","2","-0.069","-0.002","-0.047"
"599973","2","-0.074","-0.001","-0.037"
"599974","1","0.057","0.123","-0.015"
"599980","2","-0.077","-0.005","-0.030"
"599983","2","-0.069","-0.013","-0.028"
"599984","1","-0.146","0.142","-0.045"
"599988","2","-0.062","-0.021","-0.030"
"599989","1","-0.205","0.075","-0.106"
"599993","2","-0.047","-0.028","-0.039"
"599994","1","-0.200","0.025","-0.127"
"599998","1","-0.196","-0.025","-0.188"
"599999","2","-0.030","-0.035","-0.051"
"600003","2","-0.009","-0.038","-0.065"
"600008","1","-0.089","-0.053","-0.248"
"600008","2","0.017","-0.045","-0.073"
"600014","2","0.046","-0.042","-0.068"
"600015","1","-0.025","-0.035","-0.303"
"600019","2","0.070","-0.037","-0.059"
"600019","1","0.015","-0.003","-0.275"
"600024","2","0.086","-0.028","-0.048"
"600024","1","0.005","0.015","-0.250"
"600028","1","-0.052","-0.028","-0.290"
"600029","2","0.097","-0.018","-0.041"
"600034","1","-0.111","-0.038","-0.378"
"600039","1","-0.162","-0.006","-0.470"
"600039","2","0.098","-0.005","-0.061"
"600044","2","0.085","-0.005","-0.069"
"600044","1","-0.142","0.035","-0.405"
"600049","2","0.061","-0.001","-0.068"
"600050","1","-0.087","0.097","-0.260"
"600054","1","-0.049","0.211","-0.237"
"600055","2","0.043","-0.001","-0.066"
"600059","2","0.027","0.002","-0.061"
"600065","1","-0.074","0.253","-0.144"
"600066","2","-0.002","0.011","-0.055"
"600069","2","-0.031","0.024","-0.048"
"600070","1","-0.114","0.200","-0.119"
"600074","2","-0.046","0.028","-0.045"
"600074","1","-0.185","0.127","-0.232"
"600079","2","-0.053","0.031","-0.046"
"600079","1","-0.196","0.060","-0.307"
"600084","2","-0.056","0.034","-0.043"
"600084","1","-0.201","-0.040","-0.237"
"600091","1","-0.204","-0.108","-0.176"
"600094","1","-0.174","-0.093","-0.208"
"600095","2","-0.023","0.025","-0.035"
"600099","2","0.002","0.021","-0.027"
"600100","1","-0.143","-0.059","-0.195"
"600104","2","0.024","0.020","-0.014"
"600105","1","-0.126","0.010","-0.132"
"600109","2","0.040","0.024","-0.003"
"600110","1","-0.153","0.063","-0.088"
"600114","2","0.049","0.027","-0.004"
"600119","1","-0.257","0.086","-0.128"
"600120","2","0.045","0.031","-0.010"
"600125","2","0.034","0.031","-0.018"
"600125","1","-0.307","0.099","-0.111"
"600129","2","0.018","0.026","-0.028"
"600130","1","-0.324","0.136","-0.079"
"600134","2","-0.006","0.021","-0.033"
"600135","1","-0.247","0.148","-0.052"
"600141","2","-0.023","0.010","-0.033"
"600141","1","-0.182","0.147","-0.013"
"600147","2","-0.033","0.002","-0.034"
"600150","1","-0.066","0.066","-0.200"
"600151","2","-0.038","0.004","-0.038"
"600155","1","-0.008","-0.000","-0.266"
"600156","2","-0.041","0.011","-0.040"
"600160","2","-0.040","0.023","-0.034"
"600161","1","0.046","-0.067","-0.245"
"600166","1","0.063","-0.097","-0.216"
"600167","2","-0.034","0.033","-0.029"
"600170","2","-0.017","0.039","-0.028"
"600175","2","0.006","0.035","-0.018"
"600176","1","0.052","-0.114","-0.034"
"600181","2","0.027","0.030","-0.011"
"600181","1","0.001","-0.094","0.044"
"600185","1","-0.042","-0.092","-0.075"
"600186","2","0.047","0.025","-0.011"
"600191","2","0.061","0.016","-0.013"
"600191","1","-0.129","-0.078","-0.162"
"600195","2","0.065","0.011","-0.017"
"600196","1","-0.131","-0.078","-0.157"
"600204","1","-0.071","-0.075","-0.100"
"600205","2","0.057","0.004","-0.025"
"600206","1","0.000","-0.067","0.009"
"600210","2","0.050","-0.001","-0.028"
"600211","1","0.039","-0.002","0.065"
"600215","1","0.103","0.080","0.113"
"600216","2","0.039","-0.004","-0.027"
"600222","2","0.019","-0.004","-0.022"
"600222","1","0.124","0.154","0.126"
"600226","1","0.127","0.158","0.045"
"600231","2","-0.004","0.007","-0.014"
"600232","1","0.071","0.146","-0.008"
"600236","2","-0.012","0.012","-0.014"
"600236","1","0.035","0.111","-0.064"
"600241","2","-0.023","0.018","-0.020"
"600242","1","0.026","0.054","-0.014"
"600246","2","-0.029","0.015","-0.025"
"600247","1","-0.038","-0.022","0.022"
"600251","2","-0.024","0.006","-0.026"
"600252","1","-0.107","-0.031","0.094"
"600259","1","-0.109","-0.006","0.103"
"600261","2","-0.001","-0.014","-0.007"
"600262","1","-0.125","0.063","0.130"
"600266","1","-0.188","0.055","0.075"
"600267","2","0.012","-0.017","0.000"
"600271","1","-0.261","-0.001","-0.080"
"600272","2","0.024","-0.021","0.003"
"600276","1","-0.239","0.024","-0.135"
"600277","2","0.035","-0.024","-0.000"
"600281","1","-0.211","0.067","-0.038"
"600286","2","0.042","-0.032","-0.003"
"600287","1","-0.175","0.106","-0.024"
"600292","2","0.043","-0.034","0.004"
"600292","1","-0.128","0.147","-0.113"
"600297","2","0.044","-0.038","0.006"
"600297","1","-0.098","0.153","-0.221"
"600302","2","0.043","-0.037","0.009"
"600302","1","-0.065","0.098","-0.172"
"600306","1","-0.029","0.059","-0.228"
"600307","2","0.034","-0.028","0.011"
"600314","1","-0.031","0.057","-0.276"
"600316","2","0.023","-0.010","0.006"
"600317","1","-0.029","0.048","-0.217"
"600322","2","0.016","-0.005","0.008"
"600322","1","-0.005","0.055","-0.048"
"600327","2","0.009","-0.001","0.016"
"600327","1","-0.062","0.067","-0.024"
"600332","2","0.010","-0.004","0.024"
"600333","1","-0.105","0.046","0.034"
"600337","2","0.009","-0.007","0.031"
"600342","2","0.003","-0.013","0.032"
"600342","1","-0.223","-0.014","0.064"
"600347","2","-0.003","-0.019","0.028"
"600348","1","-0.244","0.005","0.070"
"600352","1","-0.284","0.045","0.063"
"600353","2","-0.005","-0.029","0.028"
"600357","2","-0.004","-0.038","0.030"
"600358","1","-0.277","0.071","0.010"
"600362","2","-0.002","-0.050","0.029"
"600363","1","-0.256","0.053","-0.023"
"600370","1","-0.187","0.073","-0.054"
"600374","2","-0.001","-0.066","0.030"
"600375","1","-0.153","0.040","-0.113"
"600377","2","0.003","-0.067","0.028"
"600378","1","-0.129","-0.023","-0.110"
"600383","2","0.008","-0.062","0.024"
"600384","1","-0.131","-0.076","-0.160"
"600389","2","0.015","-0.054","0.018"
"600389","1","-0.145","-0.063","-0.210"
"600393","2","0.027","-0.047","0.015"
"600398","2","0.034","-0.042","0.018"
"600398","1","-0.064","-0.096","-0.206"
"600403","2","0.043","-0.040","0.020"
"600403","1","-0.084","-0.069","-0.210"
"600408","2","0.055","-0.042","0.016"
"600408","1","-0.092","-0.065","-0.201"
"600413","2","0.063","-0.043","0.013"
"600413","1","-0.107","-0.081","-0.184"
"600418","2","0.066","-0.041","0.012"
"600418","1","-0.112","-0.101","-0.259"
"600423","1","-0.096","-0.142","-0.293"
"600428","2","0.068","-0.035","0.002"
"600429","1","-0.106","-0.162","-0.217"
"600433","2","0.061","-0.031","-0.003"
"600434","1","-0.098","-0.138","-0.163"
"600438","1","-0.070","-0.112","-0.099"
"600439","2","0.057","-0.029","-0.007"
"600443","1","-0.043","-0.103","-0.006"
"600444","2","0.057","-0.032","-0.009"
"600448","1","-0.050","-0.063","0.053"
"600453","2","0.056","-0.043","-0.007"
"600454","1","-0.063","-0.025","0.103"
"600458","2","0.057","-0.046","-0.005"
"600459","1","-0.061","-0.037","0.074"
"600463","1","-0.051","-0.030","0.013"
"600464","2","0.053","-0.047","-0.003"
"600468","1","-0.050","-0.033","-0.024"
"600469","2","0.052","-0.046","-0.007"
"600473","2","0.051","-0.045","-0.015"
"600474","1","-0.060","-0.043","0.021"
"600478","1","-0.067","-0.065","-0.027"
"600484","2","0.051","-0.044","-0.025"
"600485","1","-0.081","-0.118","-0.019"
"600489","2","0.053","-0.045","-0.027"
"600489","1","-0.071","-0.142","0.008"
"600494","1","-0.042","-0.104","0.023"
"600494","2","0.058","-0.047","-0.025"
"600499","2","0.066","-0.049","-0.016"
"600500","1","-0.032","-0.062","-0.036"
"600504","2","0.070","-0.047","-0.009"
"600509","2","0.074","-0.043","-0.005"
"600510","1","-0.069","-0.071","-0.113"
"600514","2","0.070","-0.040","-0.004"
"600515","1","-0.077","-0.073","-0.055"
"600519","2","0.061","-0.036","-0.012"
"600519","1","-0.037","-0.110","-0.003"
"600524","2","0.046","-0.031","-0.016"
"600524","1","-0.025","-0.099","0.038"
"600529","1","-0.047","-0.069","0.063"
"600530","2","0.031","-0.033","-0.018"
