"927859","2","0.240","-0.419","-0.163"
"927860","1","0.204","0.316","-0.402"
"927862","2","0.163","-0.374","-0.147"
"927864","1","0.807","0.313","-0.798"
"927869","2","0.031","-0.204","-0.128"
"927870","1","0.971","0.299","-0.999"
"927874","2","-0.016","-0.117","-0.116"
"927875","1","1.000","0.234","-1.064"
"927879","1","0.889","0.204","-1.043"
"927885","2","-0.049","0.033","-0.089"
"927891","1","0.514","0.249","-0.881"
"927892","2","-0.054","0.081","-0.073"
"927894","1","0.302","0.336","-0.738"
"927894","2","-0.055","0.092","-0.055"
"927899","1","0.113","0.444","-0.582"
"927901","2","-0.062","0.067","-0.044"
"927904","2","-0.088","0.024","-0.040"
"927905","1","-0.037","0.554","-0.417"
"927909","2","-0.129","-0.029","-0.040"
"927910","1","-0.095","0.628","-0.292"
"927922","1","-0.070","0.666","-0.215"
"927929","2","-0.341","-0.169","-0.071"
"927929","1","0.279","0.616","-0.208"
"927934","2","-0.368","-0.161","-0.083"
"927935","1","0.401","0.527","-0.232"
"927940","2","-0.378","-0.135","-0.102"
"927941","1","0.509","0.387","-0.252"
"927944","2","-0.365","-0.100","-0.118"
"927945","1","0.543","0.252","-0.258"
"927951","2","-0.337","-0.060","-0.135"
"927957","2","-0.296","-0.026","-0.163"
"927960","1","0.383","0.096","-0.233"
"927960","2","-0.253","-0.005","-0.189"
"927967","2","-0.212","0.009","-0.217"
"927970","1","0.175","0.253","-0.111"
"927972","2","-0.177","0.013","-0.248"
"927974","2","-0.155","0.010","-0.280"
"927975","1","0.114","0.400","-0.046"
"927979","2","-0.142","0.001","-0.314"
"927980","1","0.099","0.555","0.035"
"927990","1","0.164","0.872","0.125"
"927992","2","-0.139","-0.023","-0.367"
"927995","2","-0.148","-0.026","-0.393"
"927995","1","0.226","1.040","0.132"
"928002","1","0.324","1.251","0.061"
"928007","2","-0.188","-0.001","-0.439"
"928008","1","0.461","1.251","0.061"
"928011","2","-0.224","0.033","-0.455"
"928011","1","0.562","1.309","0.029"
"928023","2","-0.315","0.126","-0.487"
"928025","1","0.703","1.366","0.055"
"928025","2","-0.367","0.179","-0.508"
"928026","1","0.727","1.340","0.044"
"928043","2","-0.498","0.313","-0.589"
"928044","1","0.630","1.137","0.037"
"928045","1","0.588","1.065","0.031"
"928053","1","0.549","0.994","0.035"
"928054","2","-0.546","0.369","-0.649"
"928057","2","-0.561","0.380","-0.678"
"928057","1","0.506","0.947","0.010"
"928068","2","-0.604","0.392","-0.741"
"928071","1","0.418","0.759","-0.267"
"928073","2","-0.639","0.392","-0.774"
"928077","1","0.437","0.692","-0.418"
"928077","2","-0.680","0.398","-0.811"
"928083","2","-0.730","0.412","-0.857"
"928086","1","0.505","0.626","-0.681"
"928088","2","-0.778","0.436","-0.905"
"928091","2","-0.813","0.466","-0.958"
"928092","1","0.556","0.651","-0.767"
"928099","2","-0.835","0.549","-1.064"
"928102","2","-0.852","0.549","-1.064"
"928103","1","0.721","0.744","-0.911"
"928107","2","-0.855","0.592","-1.110"
"928108","1","0.789","0.779","-0.943"
"928111","1","0.862","0.841","-0.945"
"928112","2","-0.844","0.639","-1.155"
"928121","1","0.897","0.912","-0.993"
"928122","2","-0.821","0.741","-1.241"
"928123","1","0.880","0.986","-0.993"
"928128","1","0.835","1.053","-1.008"
"928132","2","-0.851","0.864","-1.300"
"928133","1","0.744","1.118","-0.997"
"928138","2","-0.893","0.927","-1.326"
"928139","1","0.612","1.146","-0.985"
"928141","2","-0.955","0.988","-1.349"
"928142","1","0.439","1.105","-0.979"
"928147","2","-1.039","1.041","-1.380"
"928148","1","0.251","0.992","-1.005"
"928152","2","-1.142","1.082","-1.419"
"928156","2","-1.253","1.113","-1.465"
"928157","1","-0.062","0.748","-1.225"
"928164","2","-1.357","1.141","-1.528"
"928165","1","-0.206","0.660","-1.335"
"928167","2","-1.450","1.178","-1.599"
"928169","1","-0.306","0.616","-1.445"
"928172","2","-1.523","1.220","-1.679"
"928173","1","-0.362","0.644","-1.554"
"928176","2","-1.567","1.276","-1.750"
"928177","1","-0.370","0.665","-1.579"
"928189","1","-0.295","0.553","-1.403"
"928190","2","-1.551","1.444","-1.871"
"928192","1","-0.258","0.446","-1.199"
"928198","2","-1.513","1.481","-1.891"
"928199","1","-0.198","0.306","-1.001"
"928203","2","-1.467","1.497","-1.905"
"928204","1","-0.148","0.188","-0.906"
"928207","2","-1.418","1.502","-1.918"
"928208","1","-0.147","0.106","-0.932"
"928212","2","-1.377","1.498","-1.924"
"928218","2","-1.337","1.503","-1.935"
"928219","1","-0.206","-0.007","-1.059"
"928223","2","-1.294","1.517","-1.952"
"928224","1","-0.258","0.002","-1.087"
"928227","2","-1.244","1.544","-1.977"
"928228","1","-0.313","0.006","-1.123"
"928232","2","-1.187","1.580","-2.013"
"928235","1","-0.365","0.035","-1.164"
"928238","2","-1.121","1.615","-2.057"
"928239","1","-0.438","0.058","-1.163"
"928243","1","-0.520","0.006","-1.018"
"928252","1","-0.574","-0.167","-0.366"
"928253","2","-1.035","1.624","-2.175"
"928260","1","-0.570","-0.113","-0.184"
"928261","2","-1.040","1.595","-2.216"
"928265","2","-1.060","1.551","-2.216"
"928269","1","-0.582","0.110","-0.163"
"928270","2","-1.082","1.501","-2.224"
"928273","1","-0.599","0.216","-0.074"
"928274","2","-1.110","1.453","-2.218"
"928278","2","-1.157","1.414","-2.198"
"928280","1","-0.602","0.217","0.182"
"928288","1","-0.598","-0.039","0.604"
"928289","2","-1.279","1.377","-2.152"
"928293","1","-0.580","-0.145","0.504"
"928293","2","-1.342","1.369","-2.142"
"928300","2","-1.403","1.354","-2.139"
"928301","1","-0.563","-0.206","0.161"
"928305","2","-1.472","1.329","-2.133"
"928305","1","-0.604","-0.266","-0.253"
"928310","1","-0.688","-0.353","-0.439"
"928316","2","-1.598","1.226","-1.933"
"928318","1","-0.805","-0.501","-0.250"
"928320","2","-1.639","1.226","-1.933"
"928324","2","-1.663","1.224","-1.826"
"928324","1","-0.882","-0.655","-0.277"
"928328","2","-1.666","1.235","-1.730"
"928330","1","-0.984","-0.833","-0.330"
"928334","2","-1.644","1.248","-1.657"
"928335","1","-1.112","-0.973","-0.305"
"928341","1","-1.267","-1.155","-0.168"
"928344","2","-1.528","1.220","-1.622"
"928345","1","-1.417","-1.485","0.097"
"928349","2","-1.469","1.166","-1.643"
"928350","1","-1.456","-1.867","0.281"
"928354","2","-1.418","1.103","-1.655"
"928355","1","-1.351","-2.094","0.325"
"928359","2","-1.374","1.042","-1.646"
"928359","1","-1.187","-2.133","0.202"
"928364","2","-1.323","0.976","-1.616"
"928371","2","-1.257","0.898","-1.553"
"928372","1","-0.951","-1.946","-0.131"
"928374","2","-1.179","0.804","-1.474"
"928374","1","-0.995","-1.884","-0.097"
"928381","2","-1.096","0.702","-1.381"
"928382","1","-1.063","-1.877","-0.111"
"928387","2","-1.004","0.616","-1.284"
"928388","1","-1.156","-1.873","-0.206"
"928389","2","-0.911","0.550","-1.200"
"928390","1","-1.251","-1.785","-0.376"
"928401","1","-1.355","-1.436","-0.871"
"928402","2","-0.685","0.470","-1.086"
"928405","1","-1.392","-1.238","-1.025"
"928406","2","-0.577","0.433","-1.042"
"928409","1","-1.382","-1.006","-1.071"
"928410","2","-0.478","0.403","-0.988"
"928416","2","-0.388","0.366","-0.925"
"928417","1","-1.332","-0.814","-1.124"
"928421","2","-0.296","0.311","-0.855"
"928421","1","-1.286","-0.731","-1.031"
"928426","2","-0.187","0.226","-0.779"
"928432","2","-0.081","-0.000","-0.648"
"928436","1","-0.793","-1.778","0.670"
"928437","2","0.005","-0.000","-0.648"
"928439","2","0.096","-0.094","-0.611"
"928440","1","-0.333","-2.054","0.794"
"928444","2","0.227","-0.175","-0.583"
"928447","1","0.139","-2.025","0.741"
"928450","2","0.381","-0.249","-0.542"
"928451","1","0.448","-1.842","0.709"
"928456","1","0.610","-1.637","0.714"
"928459","2","0.662","-0.394","-0.383"
"928463","1","0.572","-1.503","0.917"
"928466","2","0.738","-0.461","-0.302"
"928467","1","0.452","-1.503","0.917"
"928470","2","0.772","-0.505","-0.255"
"928471","1","0.378","-1.451","0.771"
"928475","2","0.778","-0.535","-0.239"
"928475","1","0.252","-1.310","0.531"
"928480","2","0.768","-0.560","-0.238"
"928486","2","0.747","-0.576","-0.234"
"928487","1","0.114","-1.186","0.212"
"928490","2","0.725","-0.577","-0.221"
"928491","1","0.143","-1.069","-0.031"
"928497","2","0.711","-0.552","-0.203"
"928498","1","0.226","-0.647","-0.521"
"928502","2","0.706","-0.515","-0.176"
"928503","1","0.325","-0.647","-0.521"
"928505","2","0.700","-0.474","-0.156"
"928506","1","0.419","-0.421","-0.587"
"928513","2","0.688","-0.436","-0.145"
"928516","2","0.674","-0.412","-0.136"
"928518","1","0.517","-0.153","-0.300"
"928521","2","0.656","-0.401","-0.132"
"928522","1","0.571","-0.127","0.030"
"928526","1","0.649","-0.143","0.227"
"928527","2","0.649","-0.392","-0.145"
"928531","2","0.652","-0.387","-0.162"
"928532","1","0.742","-0.239","0.373"
"928536","1","0.870","-0.346","0.522"
"928541","2","0.670","-0.380","-0.196"
"928542","1","1.014","-0.357","0.565"
"928549","1","1.117","-0.369","0.566"
"928552","2","0.699","-0.335","-0.221"
"928553","1","1.233","-0.509","0.680"
"928557","2","0.704","-0.303","-0.277"
"928558","1","1.357","-0.655","0.775"
"928562","2","0.734","-0.277","-0.337"
"928563","1","1.528","-0.594","0.417"
"928567","2","0.730","-0.229","-0.336"
"928571","1","1.757","-0.191","0.542"
"928572","2","0.687","-0.150","-0.265"
"928576","2","0.638","-0.069","-0.215"
"928578","1","1.657","0.047","0.968"
"928582","1","1.307","-0.133","1.129"
"928584","2","0.588","-0.087","-0.265"
"928587","2","0.522","-0.158","-0.352"
"928587","1","0.807","-0.484","1.287"
"928591","2","0.390","-0.081","-0.371"
"928592","1","1.020","-0.442","1.683"
"928598","1","1.366","0.415","1.286"
"928604","2","0.005","0.253","-0.407"
"928605","1","1.194","0.756","1.367"
"928607","2","-0.187","0.333","-0.445"
"928607","1","0.883","0.756","1.367"
"928612","2","-0.383","0.438","-0.460"
"928617","1","1.268","-0.724","1.964"
"928618","2","-0.623","0.568","-0.506"
"928622","2","-0.835","0.696","-0.578"
"928623","1","1.100","-1.687","1.559"
"928633","1","-0.180","-1.330","2.145"
"928634","2","-0.947","0.824","-0.751"
"928638","2","-0.931","0.769","-0.816"
"928639","1","-0.556","-1.482","2.492"
"928642","2","-0.944","0.679","-0.841"
"928645","1","-0.421","-1.345","2.491"
"928646","2","-1.062","0.584","-0.773"
"928648","1","-0.180","-0.497","2.329"
"928652","1","-0.257","0.321","2.316"
"928653","2","-1.256","0.501","-0.663"
"928663","1","-0.864","-0.723","1.482"
"928665","2","-1.630","0.443","-0.583"
"928668","2","-1.926","0.461","-0.555"
"928669","1","-0.522","-1.204","1.235"
"928672","2","-2.323","0.488","-0.506"
"928673","1","-0.070","-0.751","1.269"
"928680","1","-0.062","-0.078","1.576"
"928682","2","-3.411","0.480","-0.452"
"928684","1","-0.301","0.136","1.904"
"928687","2","-4.047","0.476","-0.547"
"928693","2","-4.719","0.475","-0.705"
"928695","1","-0.342","-0.680","1.922"
"928697","2","-5.413","0.448","-0.868"
"928698","1","-0.201","-0.721","1.974"
"928702","2","-6.111","0.396","-0.990"
"928703","1","-0.087","-0.133","2.113"
"928707","2","-6.807","0.353","-1.079"
"928708","1","-0.094","0.650","1.919"
"928714","2","-7.510","0.332","-1.185"
"928715","1","-0.080","0.971","1.523"
"928718","1","0.046","0.878","1.334"
"928723","2","-8.918","0.297","-1.451"
"928724","1","0.107","1.161","1.030"
"928728","1","0.006","1.215","0.600"
"928728","2","-9.518","0.285","-1.593"
"928733","2","-10.043","0.300","-1.737"
"928733","1","0.112","0.964","0.481"
"928737","2","-10.540","0.335","-1.870"
"928738","1","0.124","0.898","0.046"
"928743","1","0.091","1.034","-0.250"
"928747","2","-11.448","0.396","-2.022"
"928748","1","0.147","1.278","-0.383"
"928753","2","-11.940","0.425","-2.019"
"928754","1","0.179","1.455","-0.234"
"928758","2","-12.483","0.442","-2.000"
"928759","1","0.097","1.612","-0.317"
"928763","2","-13.038","0.450","-1.998"
"928764","1","0.146","1.859","-0.575"
"928768","2","-13.539","0.472","-2.026"
"928769","1","0.287","2.040","-0.835"
"928774","1","0.105","2.087","-0.926"
"928779","1","-0.180","2.214","-0.766"
"928779","2","-14.289","0.459","-2.134"
"928784","2","-14.556","0.396","-2.139"
"928784","1","-0.183","2.263","-0.351"
"928788","2","-14.785","0.306","-2.091"
"928789","1","-0.496","2.073","-0.275"
"928794","2","-14.989","0.196","-2.038"
"928794","1","-0.648","1.868","-0.241"
"928798","2","-15.186","0.098","-1.985"
"928804","2","-15.406","0.039","-1.924"
"928804","1","-0.406","1.506","-0.378"
"928809","2","-15.629","0.017","-1.877"
"928809","1","-0.120","1.590","-0.695"
"928814","2","-15.801","0.024","-1.857"
"928814","1","0.090","1.597","-0.790"
"928819","2","-15.889","0.062","-1.879"
"928819","1","0.166","1.530","-1.172"
"928824","2","-15.897","0.089","-1.908"
"928824","1","0.258","1.612","-1.308"
"928831","1","0.208","1.955","-1.484"
"928834","2","-15.537","0.105","-1.897"
"928835","1","0.073","2.063","-1.652"
"928838","2","-15.148","0.069","-1.847"
"928839","1","-0.003","1.863","-2.053"
"928844","2","-14.647","0.027","-1.777"
"928845","1","0.159","1.444","-2.469"
"928849","2","-14.055","-0.023","-1.689"
"928850","1","0.625","1.162","-3.276"
"928855","1","1.130","0.795","-4.114"
"928862","2","-12.438","0.010","-1.442"
"928867","1","1.552","-2.384","-5.143"
"928871","1","1.679","-2.384","-5.143"
"928872","2","-10.131","0.086","-1.364"
"928877","2","-8.695","0.109","-1.241"
"928880","1","1.513","-5.250","-5.398"
"928881","2","-7.062","0.113","-1.071"
"928885","2","-5.369","0.128","-0.876"
"928887","1","1.624","-6.202","-4.920"
"928891","2","-3.655","0.109","-0.422"
"928905","2","0.776","0.046","0.017"
"928905","1","1.197","-5.088","-2.528"
"928910","2","1.800","0.038","0.161"
"928910","1","1.068","-4.370","-2.052"
"928914","2","2.604","0.018","0.263"
"928915","1","0.889","-3.706","-1.459"
"928919","2","3.212","-0.002","0.331"
"928920","1","0.776","-3.057","-0.789"
"928925","2","3.656","-0.009","0.398"
"928925","1","0.596","-2.333","-0.240"
"928930","1","0.384","-1.724","0.153"
"928936","1","0.225","-1.324","0.520"
"928937","2","4.267","-0.042","0.508"
"928939","2","4.477","-0.088","0.538"
"928940","1","0.005","-1.068","0.656"
"928945","2","4.638","-0.143","0.542"
"928946","1","-0.106","-0.798","0.660"
"928950","2","4.720","-0.178","0.541"
"928951","1","0.006","-0.364","0.737"
"928955","2","4.725","-0.183","0.542"
"928961","2","4.707","-0.167","0.551"
"928962","1","0.297","0.705","0.558"
"928966","2","4.714","-0.146","0.572"
"928966","1","0.131","0.718","0.585"
"928970","2","4.794","-0.141","0.584"
"928971","1","-0.212","0.357","0.289"
"928978","2","5.030","-0.155","0.579"
"928980","1","-0.497","-0.384","-0.383"
"928982","2","5.437","-0.161","0.565"
"928983","1","-0.414","-1.227","-1.045"
"928988","1","-0.129","-1.868","-1.630"
"928990","2","6.894","-0.102","0.628"
"928991","1","0.036","-2.475","-2.172"
"928995","1","-0.040","-3.186","-2.839"
"928996","2","8.033","-0.077","0.736"
"929000","2","9.466","-0.070","0.881"
"929001","1","-0.110","-4.006","-3.318"
"929006","2","11.131","-0.065","1.084"
"929006","1","-0.004","-4.575","-3.623"
"929011","2","12.999","-0.080","1.366"
"929016","2","15.018","-0.134","1.722"
"929016","1","0.282","-4.544","-4.743"
"929020","2","16.978","-0.214","2.148"
"929023","1","0.702","-4.089","-5.520"
"929026","2","17.443","-0.282","2.606"
"929026","1","1.316","-3.285","-6.684"
"929031","2","17.437","-0.321","3.050"
"929031","1","1.729","-2.178","-7.536"
"929036","2","17.429","-0.413","3.416"
"929036","1","1.688","-0.840","-8.083"
"929041","1","1.662","0.718","-8.495"
"929047","2","17.443","-0.713","3.795"
"929048","1","1.710","2.423","-8.837"
"929051","2","17.443","-0.843","3.850"
"929052","1","1.705","4.087","-9.131"
"929056","1","1.649","5.797","-9.154"
"929057","2","17.443","-0.948","3.833"
"929061","2","17.443","-1.047","3.772"
"929061","1","1.334","7.442","-8.700"
"929066","2","17.443","-1.188","3.675"
"929072","1","-0.085","9.998","-7.351"
"929072","2","17.443","-1.363","3.557"
"929076","1","-0.610","11.004","-6.826"
"929077","2","17.443","-1.505","3.471"
"929081","2","17.443","-1.530","3.447"
"929082","1","-0.680","11.935","-6.435"
"929086","1","-0.500","12.840","-5.306"
"929088","2","17.443","-1.423","3.453"
"929092","2","17.443","-1.252","3.453"
"929092","1","-0.335","13.819","-3.109"
"929099","1","-0.218","14.901","-0.769"
"929103","1","-0.090","15.563","1.570"
"929103","2","15.340","-0.931","3.405"
"929107","2","12.258","-0.768","3.255"
"929108","1","-0.233","15.384","3.679"
"929112","1","-0.543","14.827","4.924"
"929112","2","9.054","-0.652","2.838"
"929117","2","5.794","-0.567","2.216"
"929117","1","-0.209","14.586","5.157"
"929122","2","2.731","-0.381","1.656"
"929128","2","0.166","-0.011","1.309"
"929128","1","1.594","12.902","2.879"
"929132","1","2.274","10.144","2.052"
"929133","2","-1.808","0.475","1.147"
"929137","2","-3.210","0.941","1.023"
"929138","1","2.385","6.794","1.879"
"929142","1","1.526","3.128","2.511"
"929143","2","-3.927","1.218","0.753"
"929147","1","0.000","-0.882","3.501"
"929148","2","-3.917","1.117","0.247"
"929155","1","-0.854","-3.510","3.249"
"929158","2","-2.462","0.193","-0.545"
"929158","1","-0.263","-2.921","1.770"
"929162","1","1.277","0.635","1.369"
"929163","2","-1.392","0.034","-0.616"
"929167","1","2.048","4.943","2.631"
"929168","2","-0.803","0.167","-0.583"
"929173","1","1.507","7.907","3.761"
"929173","2","-0.881","0.241","-0.420"
"929177","2","-1.229","0.208","-0.223"
"929184","2","-1.438","0.199","-0.097"
"929184","1","0.613","6.740","3.213"
"929188","2","-1.311","0.194","-0.003"
"929188","1","0.636","4.299","2.174"
"929193","2","-0.858","0.139","0.099"
"929193","1","0.851","2.334","1.227"
"929198","2","-0.240","0.060","0.220"
"929199","1","1.234","1.396","0.603"
"929203","2","0.345","0.003","0.320"
"929203","1","1.429","1.331","0.304"
"929210","1","1.344","1.753","0.288"
"929214","1","1.146","2.346","0.453"
"929214","2","0.908","-0.045","0.414"
"929218","1","0.955","2.857","0.638"
"929219","2","0.854","-0.044","0.413"
"929223","1","0.803","3.179","0.788"
"929223","2","0.629","-0.044","0.392"
"929228","1","0.719","3.188","0.913"
"929229","2","0.281","-0.041","0.362"
"929233","1","0.720","2.844","0.968"
"929239","2","-0.665","-0.026","0.231"
"929240","1","0.816","2.429","0.980"
"929243","2","-1.260","0.016","0.118"
"929244","1","0.899","2.238","1.038"
"929248","1","0.858","2.239","1.138"
"929249","2","-1.897","0.085","-0.044"
"929253","1","0.721","2.277","1.237"
"929253","2","-2.562","0.153","-0.230"
"929258","1","0.545","2.315","1.340"
"929259","2","-3.222","0.205","-0.408"
"929264","2","-3.842","0.240","-0.563"
"929270","2","-4.424","0.247","-0.680"
"929270","1","0.232","2.395","1.608"
"929274","2","-4.957","0.239","-0.770"
"929274","1","0.184","2.496","1.610"
"929279","2","-5.443","0.232","-0.832"
"929279","1","0.221","2.516","1.589"
"929283","1","0.259","2.379","1.766"
"929284","2","-5.939","0.249","-0.888"
"929288","1","0.223","2.350","2.058"
"929295","2","-6.930","0.346","-1.017"
"929295","1","-0.014","2.386","2.317"
"929299","2","-7.288","0.373","-1.154"
"929299","1","-0.159","2.259","2.519"
"929304","1","0.037","1.972","2.784"
"929304","2","-7.637","0.397","-1.266"
"929309","2","-8.057","0.451","-1.321"
"929310","1","0.316","1.911","3.164"
"929314","1","0.290","1.902","3.490"
"929315","2","-8.485","0.519","-1.357"
"929319","1","0.124","1.599","3.849"
"929325","2","-9.436","0.660","-1.547"
"929326","1","0.067","1.400","4.288"
"929329","2","-9.935","0.750","-1.680"
"929330","1","-0.068","1.471","4.583"
"929334","2","-10.365","0.810","-1.860"
"929335","1","-0.268","1.443","4.897"
"929339","2","-10.783","0.829","-2.054"
"929339","1","-0.342","1.476","5.304"
"929344","2","-11.165","0.849","-2.234"
"929349","2","-11.548","0.869","-2.403"
"929350","1","-0.473","2.755","5.501"
"929354","2","-11.974","0.853","-2.547"
"929355","1","-0.642","4.215","5.664"
"929359","2","-12.458","0.787","-2.622"
"929360","1","-0.832","6.049","5.870"
"929364","2","-13.041","0.685","-2.604"
"929365","1","-0.967","7.617","6.018"
"929369","2","-13.707","0.566","-2.519"
"929370","1","-0.920","8.542","5.732"
"929376","1","-0.642","8.690","5.025"
"929381","2","-15.136","0.460","-2.358"
"929381","1","-0.376","8.275","4.133"
"929385","2","-15.690","0.432","-2.372"
"929386","1","-0.270","7.602","3.221"
"929390","1","-0.207","6.826","2.467"
"929391","2","-16.057","0.407","-2.406"
"929395","2","-16.256","0.405","-2.413"
"929395","1","-0.136","6.037","1.936"
"929400","2","-16.335","0.387","-2.375"
"929405","1","-0.056","4.898","1.609"
"929407","2","-16.302","0.334","-2.307"
"929410","2","-16.162","0.264","-2.223"
"929411","1","0.014","4.709","1.493"
"929415","1","0.054","4.607","1.370"
"929416","2","-15.947","0.186","-2.130"
"929421","2","-15.688","0.126","-2.023"
"929421","1","0.126","4.542","1.084"
"929425","2","-15.337","0.092","-1.918"
"929426","1","0.249","4.404","0.595"
"929431","1","0.360","3.950","-0.044"
"929436","2","-14.284","0.086","-1.746"
"929437","1","0.489","3.076","-0.625"
"929440","2","-13.561","0.071","-1.685"
"929441","1","0.595","1.930","-1.135"
"929445","2","-12.678","0.024","-1.639"
"929446","1","0.665","0.691","-1.692"
"929450","1","0.778","-0.647","-2.193"
"929451","2","-11.646","-0.043","-1.604"
"929455","1","0.871","-1.907","-2.679"
"929461","2","-9.279","-0.134","-1.483"
"929461","1","0.930","-3.046","-3.065"
"929466","1","0.969","-4.052","-3.297"
"929466","2","-8.013","-0.180","-1.377"
"929471","1","1.076","-4.855","-3.405"
"929471","2","-6.719","-0.239","-1.247"
"929475","2","-5.448","-0.298","-1.085"
"929476","1","1.214","-5.471","-3.422"
"929481","2","-4.230","-0.340","-0.916"
"929481","1","1.328","-5.924","-3.496"
"929486","1","1.617","-6.307","-3.570"
"929491","2","-2.013","-0.265","-0.549"
"929491","1","1.883","-6.664","-3.598"
"929496","2","-0.985","-0.175","-0.407"
"929497","1","1.773","-7.106","-3.455"
"929501","2","-0.039","-0.102","-0.313"
"929502","1","1.534","-7.370","-3.042"
"929506","2","0.781","-0.047","-0.207"
"929507","1","1.408","-7.038","-2.512"
"929511","2","1.394","-0.033","-0.040"
"929516","2","1.809","-0.068","0.136"
"929517","1","1.262","-5.831","-1.378"
"929521","2","2.101","-0.113","0.271"
"929522","1","1.163","-5.729","-1.224"
"929526","2","2.352","-0.129","0.356"
"929527","1","1.081","-6.011","-1.165"
"929532","1","0.943","-6.345","-1.018"
"929532","2","2.618","-0.128","0.396"
"929537","1","0.806","-6.365","-0.718"
"929537","2","2.881","-0.120","0.420"
"929544","1","0.788","-5.963","-0.359"
"929547","1","0.821","-5.278","0.037"
"929548","2","3.250","-0.056","0.498"
"929551","1","0.758","-4.501","0.507"
"929552","2","3.299","-0.005","0.522"
"929557","2","3.280","0.031","0.531"
"929557","1","0.605","-3.725","1.032"
"929562","2","3.250","0.050","0.531"
"929563","1","0.459","-3.168","1.460"
"929566","1","0.350","-2.979","1.663"
"929572","1","0.254","-3.094","1.725"
"929573","2","3.326","0.116","0.537"
"929577","1","0.206","-3.319","1.731"
"929577","2","3.517","0.164","0.551"
"929582","2","3.838","0.227","0.584"
"929582","1","0.148","-3.581","1.645"
"929587","1","-0.001","-3.927","1.499"
"929588","2","4.296","0.291","0.617"
"929592","1","-0.144","-4.280","1.522"
"929592","2","4.873","0.337","0.633"
"929599","2","5.551","0.353","0.665"
"929603","1","-0.088","-4.344","1.749"
"929603","2","6.317","0.350","0.749"
"929608","2","7.197","0.359","0.887"
"929608","1","0.267","-4.225","1.456"
"929612","2","8.169","0.394","1.063"
"929613","1","0.689","-4.323","1.242"
"929617","2","9.217","0.405","1.266"
"929618","1","0.854","-4.542","1.156"
"929622","2","10.297","0.374","1.483"
"929627","2","11.337","0.294","1.735"
"929628","1","0.809","-4.858","1.271"
"929632","1","1.079","-4.524","1.230"
"929633","2","12.286","0.190","2.033"
"929637","2","13.112","0.104","2.326"
"929638","1","1.486","-4.035","0.891"
"929643","1","1.934","-3.507","0.657"
"929652","2","14.281","-0.012","2.768"
"929653","1","2.017","-2.112","0.375"
"929655","2","14.711","-0.074","2.861"
"929658","2","15.036","-0.104","2.894"
"929659","1","1.652","-1.500","0.133"
"929663","2","15.265","-0.127","2.904"
"929664","1","1.438","-0.860","-0.158"
"929667","2","15.421","-0.164","2.904"
"929668","1","1.214","-0.138","-0.237"
"929673","1","0.886","0.705","-0.377"
"929673","2","15.592","-0.229","2.898"
"929678","1","0.462","1.373","-0.526"
"929678","2","15.742","-0.327","2.880"
"929685","2","15.840","-0.450","2.869"
"929689","1","-0.197","2.656","-0.940"
"929689","2","15.905","-0.561","2.865"
"929693","1","-0.330","3.337","-1.380"
"929694","2","15.919","-0.636","2.858"
"929698","1","-0.314","4.058","-1.673"
"929699","2","15.877","-0.675","2.848"
"929703","2","15.813","-0.733","2.837"
"929704","1","-0.324","4.741","-1.662"
"929708","1","-0.536","5.157","-1.932"
"929714","2","15.520","-0.782","2.738"
"929715","1","-0.258","5.591","-2.265"
"929719","2","15.159","-0.658","2.742"
"929719","1","0.184","6.287","-2.328"
"929723","1","0.460","7.074","-2.042"
"929726","2","14.624","-0.515","2.783"
"929728","2","13.898","-0.419","2.847"
"929729","1","0.606","7.756","-1.401"
"929734","2","12.963","-0.398","2.908"
"929735","1","0.541","8.152","-0.210"
"929745","1","-0.319","8.024","2.172"
"929746","2","10.434","-0.568","2.882"
"929749","2","8.887","-0.714","2.723"
"929749","1","-0.793","7.811","2.688"
"929754","2","7.242","-0.806","2.456"
"929755","1","-0.997","7.605","2.640"
"929759","2","5.638","-0.768","2.131"
"929760","1","-0.843","7.482","2.195"
"929764","2","4.114","-0.623","1.813"
"929765","1","-0.348","7.271","1.946"
"929769","1","0.148","6.875","1.667"
"929775","1","0.488","6.387","1.485"
"929775","2","1.547","-0.269","1.290"
"929779","2","0.593","-0.082","1.095"
"929780","1","0.841","5.768","1.347"
"929784","2","-0.119","0.142","0.936"
"929785","1","1.215","5.074","1.338"
"929789","2","-0.592","0.355","0.757"
"929790","1","1.357","4.125","1.502"
"929794","1","1.270","2.941","2.206"
"929799","1","0.984","2.225","2.845"
"929800","2","-0.990","0.374","0.265"
"929804","1","0.844","2.361","3.018"
"929805","2","-0.969","0.260","0.058"
"929810","2","-0.936","0.214","-0.063"
"929811","1","1.016","3.188","2.951"
"929814","1","1.419","4.363","2.990"
"929815","2","-0.971","0.249","-0.102"
"929820","1","1.567","5.389","3.135"
"929821","2","-1.037","0.303","-0.092"
"929825","1","1.428","5.858","3.263"
"929830","1","1.220","5.657","3.326"
"929831","2","-1.051","0.271","0.031"
"929835","2","-0.949","0.220","0.110"
"929835","1","1.078","5.038","3.065"
"929839","1","1.044","4.269","2.617"
"929840","2","-0.779","0.161","0.171"
"929845","2","-0.558","0.101","0.231"
"929845","1","1.050","3.683","2.114"
"929850","1","1.057","3.393","1.597"
"929855","2","-0.122","0.009","0.334"
"929856","1","1.036","3.203","1.164"
"929860","2","-0.027","-0.014","0.372"
"929861","1","1.008","2.935","1.004"
"929865","2","-0.039","-0.020","0.386"
"929866","1","0.927","2.757","0.897"
"929870","2","-0.163","-0.005","0.380"
"929871","1","0.831","2.606","0.763"
"929875","2","-0.393","0.018","0.353"
"929876","1","0.743","2.349","0.670"
"929880","1","0.668","2.023","0.577"
"929886","1","0.638","1.775","0.514"
"929887","2","-1.124","0.070","0.203"
"929890","1","0.661","1.651","0.470"
"929891","2","-1.623","0.114","0.089"
"929895","1","0.697","1.691","0.602"
"929896","2","-2.207","0.158","-0.060"
"929900","2","-2.869","0.201","-0.251"
"929901","1","0.596","1.748","0.683"
"929905","2","-3.581","0.251","-0.451"
"929911","2","-4.308","0.313","-0.661"
"929912","1","0.669","2.029","0.684"
"929915","2","-5.006","0.364","-0.859"
"929916","1","0.617","2.186","0.751"
"929921","1","0.516","2.334","0.954"
"929921","2","-5.656","0.396","-1.010"
"929926","2","-6.218","0.423","-1.103"
"929926","1","0.426","2.594","1.120"
"929931","1","0.212","2.830","1.153"
"929931","2","-6.665","0.439","-1.189"
"929938","1","-0.013","2.987","1.120"
"929941","2","-7.386","0.447","-1.394"
"929942","1","-0.018","3.118","1.413"
"929945","2","-7.785","0.477","-1.434"
"929946","1","0.096","3.635","1.813"
"929950","2","-8.198","0.513","-1.470"
"929951","1","0.039","4.344","2.047"
"929956","2","-8.729","0.558","-1.526"
"929956","1","0.138","4.473","2.482"
"929961","2","-9.408","0.617","-1.586"
"929966","2","-10.122","0.672","-1.676"
"929967","1","0.510","3.669","3.641"
"929971","2","-10.866","0.719","-1.807"
"929971","1","0.458","2.909","3.950"
"929976","2","-11.629","0.772","-1.954"
"929976","1","0.529","2.242","3.988"
"929982","1","0.432","2.077","3.893"
"929983","2","-12.384","0.804","-2.125"
"929986","2","-13.184","0.801","-2.306"
"929987","1","0.192","1.949","3.937"
"929994","1","-0.141","2.791","3.808"
"929996","2","-14.875","0.727","-2.670"
"929997","1","-0.208","3.713","3.571"
"930001","1","-0.439","4.856","2.952"
"930002","2","-15.724","0.698","-2.838"
"930006","2","-16.510","0.682","-3.007"
"930007","1","-0.437","5.632","2.593"
"930011","2","-17.244","0.681","-3.169"
"930012","1","-0.638","6.309","2.065"
"930016","1","-0.672","6.711","1.787"
"930022","2","-17.463","0.620","-3.420"
"930022","1","-0.575","6.998","1.746"
"930026","1","-0.312","7.013","1.461"
"930027","2","-17.457","0.563","-3.451"
"930031","2","-17.463","0.497","-3.425"
"930032","1","0.315","6.696","0.815"
"930036","1","0.920","6.180","-0.386"
"930037","2","-17.463","0.446","-3.376"
"930042","1","1.456","5.532","-1.685"
"930043","2","-17.463","0.413","-3.311"
"930049","1","1.883","4.656","-3.077"
"930053","2","-17.463","0.387","-3.169"
"930053","1","2.076","3.462","-4.087"
"930057","1","2.153","2.136","-4.839"
"930057","2","-17.463","0.346","-3.069"
"930062","2","-17.463","0.257","-2.892"
"930062","1","2.426","0.853","-5.336"
"930066","1","2.382","0.076","-5.755"
"930067","2","-17.315","0.141","-2.676"
"930072","1","2.159","-0.494","-6.106"
"930078","2","-14.574","-0.085","-2.355"
"930079","1","1.826","-0.663","-6.437"
"930082","2","-12.913","-0.184","-2.161"
"930083","1","1.577","-0.987","-6.257"
"930087","2","-11.137","-0.332","-1.876"
"930088","1","1.319","-1.739","-6.045"
"930092","1","1.352","-2.437","-5.962"
"930093","2","-9.244","-0.509","-1.555"
"930097","2","-7.279","-0.651","-1.243"
"930098","1","1.424","-3.167","-5.822"
"930104","2","-5.304","-0.714","-0.939"
"930107","2","-3.410","-0.674","-0.655"
"930107","1","1.675","-4.658","-5.472"
"930112","1","1.889","-5.003","-5.092"
"930113","2","-1.735","-0.595","-0.414"
"930117","2","-0.291","-0.486","-0.206"
"930118","1","2.124","-5.085","-4.684"
"930123","1","2.024","-5.417","-3.933"
"930123","2","0.898","-0.343","-0.038"
"930127","2","1.788","-0.221","0.091"
"930133","1","1.373","-5.557","-1.696"
"930134","2","2.410","-0.148","0.202"
"930138","1","1.135","-5.320","-0.849"
"930138","2","2.789","-0.120","0.298"
"930143","1","0.929","-4.918","-0.078"
"930143","2","2.947","-0.121","0.390"
"930148","2","2.901","-0.138","0.461"
"930149","1","0.663","-4.814","0.545"
"930153","2","2.687","-0.156","0.466"
"930153","1","0.350","-4.719","0.975"
"930160","2","2.388","-0.158","0.422"
"930163","1","0.109","-3.919","1.448"
"930164","2","2.037","-0.150","0.373"
"930168","1","0.199","-3.526","1.522"
"930169","2","1.632","-0.143","0.340"
"930173","1","0.306","-3.222","1.347"
"930174","2","1.189","-0.115","0.314"
"930178","1","0.319","-2.978","1.088"
"930179","2","0.767","-0.063","0.266"
"930184","2","0.409","-0.015","0.203"
"930190","2","0.144","0.016","0.162"
"930192","1","0.455","-2.891","0.634"
"930195","2","0.003","0.052","0.153"
"930195","1","0.485","-2.989","0.223"
"930199","2","-0.005","0.098","0.155"
"930200","1","0.416","-3.228","-0.046"
"930205","2","0.094","0.141","0.151"
"930206","1","0.314","-3.428","-0.076"
"930208","1","0.293","-3.562","-0.102"
"930209","2","0.296","0.165","0.163"
"930225","2","1.332","0.198","0.283"
"930228","1","0.324","-4.189","-0.096"
"930229","2","1.802","0.214","0.340"
"930229","1","0.310","-4.189","-0.096"
"930233","2","2.324","0.234","0.389"
"930234","1","0.341","-4.366","-0.112"
"930238","2","2.893","0.257","0.412"
"930239","1","0.369","-4.540","-0.104"
"930243","2","3.504","0.282","0.437"
"930244","1","0.393","-4.487","0.055"
"930251","1","0.386","-4.348","0.378"
"930254","2","4.767","0.279","0.598"
"930254","1","0.276","-4.222","0.630"
"930258","2","5.415","0.243","0.705"
"930259","1","0.137","-4.094","0.651"
"930263","2","6.106","0.196","0.819"
"930264","1","0.135","-4.142","0.294"
"930269","2","6.847","0.173","0.901"
"930269","1","0.270","-4.365","0.073"
"930274","2","7.633","0.157","0.958"
"930279","2","8.458","0.110","1.052"
"930279","1","0.213","-3.889","0.365"
"930284","2","9.288","0.055","1.213"
"930284","1","0.347","-3.518","0.112"
"930289","1","0.727","-3.252","-0.141"
"930289","2","10.071","0.033","1.373"
"930294","2","10.786","0.038","1.494"
"930294","1","1.016","-2.861","-0.106"
"930299","1","1.041","-2.206","-0.220"
"930299","2","11.450","-0.006","1.613"
"930304","1","1.086","-1.644","-0.308"
"930309","1","1.151","-1.034","-0.308"
"930309","2","12.529","-0.157","1.884"
"930314","2","12.902","-0.224","2.015"
"930315","1","1.128","-0.321","-0.514"
"930319","1","1.035","0.217","-0.494"
"930320","2","13.218","-0.257","2.110"
"930324","2","13.463","-0.276","2.144"
"930325","1","0.746","0.723","-0.588"
"930329","1","0.536","1.063","-0.471"
"930334","1","0.423","1.282","-0.225"
"930335","2","13.838","-0.301","2.129"
"930339","2","13.958","-0.325","2.143"
"930340","1","0.401","1.505","-0.068"
"930344","1","0.328","1.670","-0.058"
"930345","2","14.081","-0.371","2.176"
"930350","2","14.223","-0.420","2.225"
"930350","1","0.305","1.602","0.062"
"930354","2","14.339","-0.471","2.300"
"930355","1","0.208","1.266","0.052"
"930362","1","0.120","0.826","-0.165"
"930365","2","14.581","-0.579","2.420"
"930365","1","0.135","0.448","-0.506"
"930370","2","14.714","-0.642","2.463"
"930370","1","0.307","0.293","-0.741"
"930375","2","14.837","-0.699","2.517"
"930375","1","0.444","0.403","-0.950"
"930380","2","14.946","-0.769","2.580"
"930381","1","0.444","0.652","-1.310"
"930385","2","15.036","-0.833","2.614"
"930390","2","15.052","-0.879","2.617"
"930391","1","0.570","1.227","-1.642"
"930395","2","14.973","-0.925","2.604"
"930395","1","0.510","1.812","-1.420"
"930400","2","14.831","-0.985","2.575"
"930401","1","0.357","2.375","-1.337"
"930405","2","14.577","-0.993","2.513"
"930406","1","0.644","2.993","-1.256"
"930410","2","14.144","-0.906","2.485"
"930411","1","0.998","3.707","-0.895"
"930417","1","0.991","4.338","-0.117"
"930420","2","12.821","-0.787","2.438"
"930421","1","0.801","4.708","0.807"
"930425","2","11.955","-0.786","2.399"
"930426","1","0.670","4.863","1.661"
"930430","2","10.911","-0.766","2.363"
"930431","1","0.500","4.921","2.327"
"930435","2","9.729","-0.740","2.283"
"930436","1","0.193","5.101","2.884"
"930441","2","8.439","-0.743","2.151"
"930446","2","7.061","-0.758","1.973"
"930446","1","-0.055","5.488","3.354"
"930451","2","5.673","-0.748","1.736"
"930451","1","0.004","5.515","3.260"
"930455","1","0.106","5.401","3.008"
"930456","2","4.280","-0.709","1.501"
"930461","1","0.079","5.138","2.390"
"930461","2","3.001","-0.651","1.255"
"930466","1","0.147","4.827","1.752"
"930466","2","1.907","-0.585","1.001"
"930473","2","0.996","-0.526","0.795"
"930476","2","0.319","-0.453","0.625"
"930477","1","0.384","4.459","0.644"
"930482","2","-0.117","-0.353","0.458"
"930483","1","0.420","4.209","0.299"
"930487","2","-0.404","-0.253","0.294"
"930488","1","0.458","3.864","0.264"
"930491","2","-0.600","-0.201","0.174"
"930491","1","0.517","3.754","0.320"
"930496","2","-0.744","-0.175","0.094"
"930501","2","-0.865","-0.153","0.012"
"930502","1","0.692","3.854","0.435"
"930508","2","-0.975","-0.123","-0.070"
"930509","1","0.731","3.889","0.546"
"930512","1","0.696","3.821","0.546"
"930512","2","-1.056","-0.088","-0.113"
"930517","1","0.686","3.449","0.711"
"930517","2","-1.102","-0.068","-0.112"
"930521","2","-1.134","-0.077","-0.092"
"930522","1","0.765","2.817","0.814"
"930529","1","0.919","2.124","0.790"
"930531","2","-1.064","-0.116","-0.045"
"930533","1","1.074","1.480","0.864"
"930537","2","-1.047","-0.138","-0.007"
"930538","1","1.197","1.022","1.014"
"930541","2","-1.131","-0.153","0.035"
"930542","1","1.301","0.749","1.150"
"930548","1","1.324","0.471","1.175"
"930548","2","-1.341","-0.147","0.031"
"930553","1","1.272","0.131","1.223"
"930557","2","-2.175","-0.096","-0.148"
"930560","1","1.194","-0.156","1.368"
"930564","2","-2.782","-0.053","-0.298"
"930565","1","1.079","-0.266","1.449"
"930572","2","-4.153","0.038","-0.691"
"930573","1","0.654","-0.093","1.457"
"930578","2","-4.897","0.066","-0.872"
"930579","1","0.428","0.237","1.540"
"930582","2","-5.676","0.079","-1.023"
"930583","1","0.215","0.742","1.721"
"930590","1","0.028","1.405","1.864"
"930593","2","-7.248","0.082","-1.313"
"930593","1","-0.054","2.067","1.834"
"930597","2","-8.060","0.094","-1.435"
"930598","1","-0.042","2.602","1.706"
"930602","2","-8.907","0.155","-1.521"
"930603","1","0.002","3.179","1.594"
"930607","2","-9.691","0.265","-1.605"
"930608","1","-0.056","3.811","1.428"
"930612","2","-10.345","0.362","-1.736"
"930617","2","-10.932","0.431","-1.884"
"930618","1","-0.047","4.115","0.960"
"930622","2","-11.457","0.514","-1.990"
"930623","1","0.250","4.173","0.684"
"930627","2","-11.896","0.598","-2.066"
"930628","1","0.352","4.157","0.448"
"930632","2","-12.314","0.653","-2.113"
"930633","1","0.418","4.040","0.506"
"930637","1","0.478","3.932","0.725"
"930638","2","-12.740","0.684","-2.138"
"930645","2","-13.201","0.694","-2.169"
"930648","2","-13.708","0.699","-2.210"
"930649","1","0.542","3.856","0.893"
"930653","2","-14.217","0.714","-2.277"
"930653","1","0.570","4.079","0.694"
"930658","1","0.568","4.313","0.603"
"930658","2","-14.763","0.721","-2.342"
"930663","2","-15.411","0.709","-2.370"
"930664","1","0.575","4.663","0.752"
"930668","1","0.540","5.182","0.864"
"930673","1","0.495","5.782","0.565"
"930674","2","-16.920","0.649","-2.396"
"930678","1","0.558","6.303","-0.135"
"930679","2","-17.463","0.612","-2.453"
"930683","2","-17.463","0.608","-2.514"
"930683","1","0.732","6.544","-0.822"
"930688","1","0.905","6.618","-1.443"
"930688","2","-17.454","0.613","-2.542"
"930693","1","1.055","6.752","-2.215"
"930694","2","-17.463","0.605","-2.529"
"930701","2","-17.463","0.584","-2.477"
"930703","2","-17.463","0.592","-2.378"
"930704","1","1.562","6.688","-4.237"
"930709","2","-17.463","0.609","-2.234"
"930709","1","1.812","6.181","-5.234"
"930714","1","1.887","5.606","-6.179"
"930714","2","-17.463","0.617","-2.068"
"930718","1","1.800","4.863","-6.836"
"930719","2","-17.463","0.588","-1.906"
"930723","1","1.534","3.915","-7.181"
"930729","1","1.251","2.909","-7.341"
"930730","2","-17.019","0.396","-1.634"
"930734","1","1.045","2.030","-7.544"
"930734","2","-15.835","0.253","-1.555"
"930738","1","0.959","1.266","-7.819"
"930739","2","-14.465","0.092","-1.473"
"930744","1","1.051","0.420","-7.973"
"930744","2","-12.926","-0.080","-1.307"
"930749","1","1.151","-0.790","-7.881"
"930749","2","-11.200","-0.273","-1.056"
"930754","2","-9.320","-0.461","-0.786"
"930759","1","1.156","-4.210","-7.429"
"930760","2","-7.351","-0.621","-0.538"
"930764","1","1.326","-5.753","-7.192"
"930764","2","-5.310","-0.672","-0.330"
"930769","1","1.779","-6.928","-6.706"
"930769","2","-3.390","-0.573","-0.125"
"930774","2","-1.710","-0.418","0.078"
"930775","1","1.940","-7.461","-6.089"
"930779","2","-0.286","-0.294","0.209"
"930785","2","0.859","-0.189","0.325"
"930786","1","1.381","-6.914","-3.915"
"930789","2","1.660","-0.099","0.432"
"930790","1","0.892","-6.446","-2.757"
"930794","2","2.135","-0.042","0.516"
"930795","1","0.483","-5.922","-1.598"
"930799","1","0.312","-5.310","-0.603"
"930800","2","2.376","-0.005","0.579"
"930804","1","0.231","-4.919","0.133"
"930805","2","2.450","0.017","0.627"
"930811","2","2.411","0.021","0.677"
"930814","1","-0.038","-4.660","1.101"
"930815","2","2.290","0.012","0.698"
"930819","1","-0.245","-4.450","1.348"
"930820","2","2.127","0.007","0.673"
"930824","1","-0.330","-3.819","1.527"
"930825","2","1.931","0.024","0.650"
"930830","1","-0.294","-3.117","1.732"
"930830","2","1.665","0.052","0.633"
"930835","1","-0.197","-2.594","1.829"
"930840","2","1.039","0.116","0.560"
"930841","1","-0.059","-2.294","1.745"
"930845","2","0.757","0.158","0.519"
"930846","1","0.120","-2.095","1.389"
"930850","2","0.563","0.204","0.488"
"930851","1","0.288","-2.015","0.846"
"930855","2","0.476","0.247","0.467"
"930856","1","0.420","-2.143","0.335"
"930860","2","0.485","0.286","0.459"
"930861","1","0.493","-2.434","-0.019"
"930865","1","0.466","-2.668","-0.310"
"930871","1","0.433","-2.793","-0.489"
"930872","2","0.868","0.340","0.456"
"930875","1","0.506","-2.940","-0.582"
"930876","2","1.229","0.356","0.479"
"930880","1","0.642","-3.176","-0.790"
"930881","2","1.687","0.370","0.522"
"930885","1","0.709","-3.447","-1.013"
"930887","2","2.247","0.395","0.580"
"930894","1","0.564","-3.754","-1.051"
"930898","2","3.570","0.434","0.678"
"930899","1","0.313","-4.029","-0.895"
"930901","2","4.271","0.426","0.721"
"930902","1","0.128","-4.168","-0.658"
"930905","1","0.027","-4.207","-0.410"
"930906","2","4.978","0.413","0.789"
"930911","2","5.680","0.395","0.865"
"930911","1","-0.049","-4.190","-0.146"
"930915","2","6.384","0.363","0.948"
"930916","1","-0.167","-4.157","0.016"
"930923","1","-0.308","-4.118","-0.039"
"930926","1","-0.275","-4.073","0.093"
"930926","2","7.816","0.311","1.083"
"930931","2","8.483","0.296","1.161"
"930931","1","-0.111","-3.865","0.218"
"930935","1","0.086","-3.512","-0.139"
"930936","2","9.159","0.290","1.253"
"930941","2","9.842","0.301","1.304"
"930941","1","0.299","-3.355","-0.697"
"930946","1","0.662","-3.348","-0.869"
"930951","2","11.054","0.335","1.418"
"930952","1","0.975","-3.077","-1.213"
"930956","1","1.014","-2.573","-2.007"
"930957","2","11.626","0.313","1.512"
"930962","1","1.070","-2.095","-2.314"
"930962","2","12.205","0.253","1.625"
"930966","1","1.353","-1.798","-2.590"
"930967","2","12.815","0.191","1.765"
"930971","2","13.430","0.168","1.933"
"930972","1","1.555","-1.791","-3.129"
"930979","1","1.661","-1.914","-3.585"
"930981","2","14.568","0.152","2.276"
"930982","1","1.586","-1.553","-4.090"
"930986","2","15.159","0.129","2.405"
"930987","1","1.311","-1.088","-4.397"
"930991","2","15.671","0.095","2.510"
"930992","1","0.987","-0.760","-4.541"
"930996","2","16.060","0.041","2.630"
"930997","1","0.855","-0.352","-4.428"
"931002","2","16.359","-0.034","2.730"
"931006","2","16.596","-0.119","2.764"
"931007","1","0.440","0.897","-4.520"
"931012","2","16.753","-0.204","2.755"
"931012","1","0.298","1.521","-4.631"
"931017","2","16.825","-0.292","2.713"
"931017","1","0.239","2.020","-4.583"
"931022","2","16.853","-0.396","2.638"
"931023","1","0.071","2.416","-4.589"
"931027","2","16.829","-0.504","2.550"
"931027","1","0.034","2.692","-4.695"
"931034","1","0.233","3.024","-4.700"
"931037","2","16.572","-0.683","2.494"
"931038","1","0.352","3.512","-4.681"
"931042","1","0.443","4.193","-4.447"
"931043","2","16.359","-0.766","2.495"
"931048","1","0.351","4.952","-4.223"
"931048","2","16.103","-0.845","2.488"
"931052","2","15.797","-0.889","2.471"
"931052","1","0.375","5.548","-4.005"
"931057","2","15.453","-0.873","2.424"
"931062","2","15.014","-0.759","2.399"
"931063","1","0.752","6.136","-3.984"
"931067","2","14.417","-0.596","2.454"
"931068","1","1.349","6.559","-3.216"
"931072","2","13.659","-0.544","2.519"
"931073","1","1.177","7.252","-1.598"
"931077","2","12.752","-0.615","2.522"
"931078","1","0.343","7.653","-0.209"
"931082","2","11.615","-0.673","2.497"
"931083","1","-0.016","7.401","0.768"
"931089","1","-0.177","6.915","1.569"
"931093","1","-0.303","6.752","2.332"
"931093","2","8.780","-0.723","2.195"
"931097","2","7.230","-0.744","1.904"
"931098","1","-0.261","6.833","2.640"
"931102","1","0.105","6.869","2.865"
"931103","2","5.598","-0.705","1.599"
"931108","1","0.552","6.858","2.908"
"931108","2","3.993","-0.590","1.296"
"931114","2","2.513","-0.439","0.930"
"931118","2","1.238","-0.292","0.555"
"931119","1","0.821","5.230","2.598"
"931123","1","0.827","4.498","2.005"
"931123","2","0.264","-0.140","0.233"
"931128","2","-0.457","-0.008","-0.050"
"931129","1","0.992","4.076","1.747"
"931133","1","1.242","3.822","1.975"
"931133","2","-1.088","0.066","-0.289"
"931138","2","-1.674","0.123","-0.466"
"931139","1","1.348","4.070","2.220"
"931145","2","-2.151","0.208","-0.563"
"931149","1","0.912","4.152","2.200"
"931149","2","-2.443","0.276","-0.595"
"931153","1","0.627","3.264","2.116"
"931154","2","-2.551","0.268","-0.607"
"931158","1","0.476","2.181","1.777"
"931159","2","-2.504","0.196","-0.598"
"931163","2","-2.331","0.132","-0.556"
"931164","1","0.514","1.348","1.238"
"931168","2","-2.057","0.095","-0.454"
"931174","1","0.661","0.112","0.527"
"931175","2","-1.762","0.056","-0.317"
"931178","2","-1.535","0.004","-0.202"
"931179","1","0.561","-0.580","0.406"
"931184","2","-1.442","-0.030","-0.133"
"931184","1","0.483","-1.147","0.347"
"931189","1","0.493","-1.522","0.330"
"931189","2","-1.510","-0.039","-0.112"
"931194","1","0.480","-1.749","0.351"
"931194","2","-1.750","-0.035","-0.123"
"931201","1","0.441","-1.800","0.422"
"931204","2","-2.755","0.028","-0.335"
"931205","1","0.405","-1.654","0.475"
"931209","2","-3.501","0.082","-0.481"
"931209","1","0.322","-1.313","0.622"
"931214","2","-4.350","0.144","-0.654"
"931214","1","0.140","-0.895","0.735"
"931219","2","-5.255","0.196","-0.861"
"931219","1","-0.050","-0.467","0.858"
"931224","1","-0.204","-0.134","0.947"
"931230","1","-0.309","0.362","0.885"
"931231","2","-7.085","0.270","-1.335"
"931234","2","-7.904","0.294","-1.559"
"931235","1","-0.391","0.905","0.788"
"931239","1","-0.414","1.349","0.746"
"931240","2","-8.680","0.311","-1.711"
"931244","2","-9.450","0.368","-1.760"
"931245","1","-0.293","1.802","0.773"
"931249","1","-0.189","2.402","0.987"
"931250","2","-10.169","0.456","-1.781"
"931256","1","-0.352","2.856","1.233"
"931260","2","-11.566","0.593","-1.942"
"931260","1","-0.347","3.226","1.775"
"931261","1","-0.080","3.226","1.775"
"931265","2","-12.338","0.686","-2.056"
"931265","1","-0.111","3.433","1.764"
"931269","2","-13.142","0.795","-2.211"
"931270","1","-0.161","3.683","1.623"
"931274","1","-0.115","4.058","1.574"
"931275","2","-13.989","0.905","-2.371"
"931282","1","-0.148","4.197","1.261"
"931285","1","-0.110","4.320","0.844"
"931286","2","-15.713","1.104","-2.694"
"931290","2","-16.566","1.183","-2.841"
"931290","1","-0.030","4.393","0.449"
"931295","2","-17.340","1.231","-2.987"
"931295","1","0.100","4.727","-0.047"
"931300","1","0.162","5.355","-0.521"
"931300","2","-17.463","1.219","-3.132"
"931305","1","0.173","6.170","-0.862"
"931311","1","0.080","6.744","-1.156"
"931311","2","-17.459","1.093","-3.274"
"931315","1","0.071","6.917","-1.295"
"931316","2","-17.463","1.009","-3.209"
"931320","2","-17.463","0.933","-3.068"
"931321","1","0.077","6.868","-1.547"
"931325","1","0.026","6.483","-2.086"
"931326","2","-17.463","0.858","-2.904"
"931330","2","-17.463","0.772","-2.748"
"931331","1","0.143","6.091","-2.632"
"931338","1","0.574","5.784","-3.538"
"931341","2","-17.463","0.606","-2.404"
"931342","1","1.146","5.813","-4.809"
"931345","2","-17.463","0.546","-2.233"
"931347","1","1.697","6.090","-5.972"
"931350","1","1.966","6.075","-6.825"
"931351","2","-17.463","0.495","-2.054"
"931355","2","-17.463","0.413","-1.894"
"931356","1","1.901","5.796","-7.394"
"931360","1","1.627","5.325","-7.785"
"931366","2","-16.770","0.140","-1.766"
"931366","1","1.286","4.364","-8.217"
"931371","2","-15.303","-0.030","-1.728"
"931371","1","1.005","2.809","-8.822"
"931376","2","-13.589","-0.196","-1.602"
"931376","1","1.116","0.496","-9.433"
"931381","2","-11.593","-0.344","-1.368"
"931382","1","1.535","-2.324","-9.920"
"931386","2","-9.306","-0.462","-1.059"
"931386","1","1.812","-5.133","-10.086"
"931391","1","2.027","-7.094","-9.966"
"931411","1","2.683","-6.648","-6.810"
"931412","2","1.783","0.178","0.314"
"931416","2","3.098","0.378","0.796"
"931425","1","1.305","-5.450","-3.307"
"931427","2","4.612","0.620","0.957"
"931428","1","0.646","-4.440","-1.493"
"931431","2","4.836","0.657","1.094"
"931432","1","-0.013","-3.481","0.172"
"931437","2","4.752","0.598","1.182"
"931442","2","4.448","0.454","1.198"
"931442","1","-0.735","-2.226","2.332"
"931447","1","-0.696","-1.768","2.716"
"931448","2","4.015","0.287","1.136"
"931452","2","3.547","0.151","1.045"
"931453","1","-0.697","-1.378","2.665"
"931457","2","3.063","0.058","0.957"
"931458","1","-0.746","-1.149","2.482"
"931462","2","2.547","0.004","0.854"
"931463","1","-0.702","-0.742","2.285"
"931468","1","-0.608","-0.054","2.266"
"931472","2","1.411","-0.032","0.571"
"931473","1","-0.510","0.989","2.327"
"931477","2","0.803","-0.031","0.490"
"931478","1","-0.427","1.756","2.267"
"931482","2","0.222","-0.012","0.439"
"931483","1","-0.416","1.910","1.921"
"931488","2","-0.249","0.026","0.377"
"931489","1","-0.384","1.611","1.412"
"931492","2","-0.526","0.072","0.315"
"931497","2","-0.584","0.115","0.282"
"931498","1","-0.270","0.329","0.063"
"931502","2","-0.441","0.167","0.274"
"931503","1","-0.169","-0.352","-0.383"
"931507","2","-0.141","0.227","0.274"
"931508","1","-0.238","-0.796","-0.556"
"931512","2","0.265","0.265","0.277"
"931513","1","-0.274","-1.052","-0.630"
"931517","2","0.739","0.286","0.302"
"931518","1","-0.149","-1.084","-0.688"
"931525","1","0.007","-1.186","-0.823"
"931527","2","1.844","0.300","0.434"
"931528","1","0.165","-1.382","-0.822"
"931532","2","2.456","0.305","0.524"
"931533","1","0.197","-1.759","-0.710"
"931538","2","3.101","0.296","0.595"
"931538","1","0.187","-2.040","-0.725"
"931542","1","0.186","-2.380","-0.860"
"931543","2","3.808","0.276","0.653"
"931547","2","4.568","0.252","0.710"
"931553","2","5.386","0.233","0.777"
"931553","1","0.340","-3.324","-1.201"
"931558","1","0.284","-3.791","-1.313"
"931559","2","6.264","0.221","0.833"
"931563","2","7.166","0.193","0.880"
"931567","1","0.314","-3.885","-1.149"
"931569","1","0.370","-3.563","-1.254"
"931569","2","8.049","0.135","0.971"
"931573","2","8.911","0.070","1.102"
"931574","1","0.342","-3.273","-1.709"
"931580","1","0.517","-3.055","-1.970"
"931584","2","10.466","0.026","1.295"
"931585","1","0.707","-2.695","-2.289"
"931588","2","11.164","0.005","1.394"
"931589","1","0.871","-2.330","-2.848"
"931593","1","1.178","-2.067","-3.134"
"931593","2","11.820","0.005","1.488"
"931598","2","12.429","0.003","1.597"
"931599","1","1.418","-1.867","-3.504"
"931603","1","1.578","-1.743","-3.826"
"931609","2","13.591","0.004","1.860"
"931610","1","1.663","-1.572","-4.234"
"931613","2","14.178","0.001","2.016"
"931614","1","1.745","-1.519","-4.496"
"931618","2","14.720","-0.038","2.174"
"931619","1","1.687","-1.444","-4.716"
"931624","1","1.646","-1.240","-4.892"
"931624","2","15.225","-0.103","2.320"
"931628","2","15.681","-0.158","2.421"
"931629","1","1.533","-0.981","-5.197"
"931636","1","1.384","-0.489","-5.608"
"931639","2","16.369","-0.225","2.459"
"931639","1","1.250","0.212","-5.845"
"931644","2","16.572","-0.266","2.455"
"931644","1","1.043","0.948","-5.826"
"931649","1","0.636","1.659","-5.883"
"931650","2","16.689","-0.332","2.428"
"931653","1","0.204","2.339","-5.847"
"931654","2","16.750","-0.429","2.380"
"931659","1","-0.179","2.840","-5.778"
"931664","2","16.750","-0.652","2.319"
"931665","1","-0.558","3.074","-5.975"
"931669","1","-0.756","3.156","-6.115"
"931670","2","16.699","-0.766","2.284"
"931674","2","16.582","-0.854","2.290"
"931675","1","-0.745","3.293","-5.871"
"931679","2","16.399","-0.917","2.319"
"931680","1","-0.811","3.501","-5.600"
"931684","1","-0.851","3.778","-5.482"
"931685","2","16.164","-0.987","2.317"
"931691","2","15.888","-1.037","2.279"
"931694","2","15.530","-1.019","2.220"
"931695","1","-0.126","4.451","-4.932"
"931699","1","0.394","5.044","-4.268"
"931699","2","15.035","-0.906","2.154"
"931704","2","14.367","-0.778","2.126"
"931705","1","0.711","5.970","-3.001"
"931709","1","0.523","6.716","-1.556"
"931710","2","13.482","-0.710","2.115"
"931714","2","12.384","-0.689","2.079"
"931719","2","11.062","-0.672","2.015"
"931720","1","-0.393","7.172","1.113"
"931724","1","-0.826","7.215","1.862"
"931725","2","9.563","-0.661","1.904"
"931730","1","-0.915","7.072","2.374"
"931730","2","7.976","-0.636","1.729"
"931734","1","-0.738","6.768","2.691"
"931735","2","6.316","-0.578","1.515"
"931740","1","-0.381","6.187","2.531"
"931740","2","4.706","-0.472","1.269"
"931746","2","3.245","-0.324","0.975"
"931750","2","1.976","-0.179","0.678"
"931750","1","0.659","4.494","2.059"
"931755","1","0.668","3.936","1.803"
"931755","2","0.960","-0.046","0.383"
"931760","2","0.146","0.050","0.131"
"931760","1","0.508","3.421","1.875"
"931765","2","-0.559","0.056","-0.061"
"931765","1","0.103","3.129","1.764"
"931770","1","-0.012","3.020","1.171"
"931775","1","0.224","2.820","0.615"
"931775","2","-1.574","0.221","-0.279"
"931780","2","-1.793","0.344","-0.355"
"931781","1","0.347","2.519","0.542"
"931785","1","0.359","2.208","0.735"
"931787","2","-1.879","0.353","-0.406"
"931790","1","0.289","1.832","0.796"
"931791","2","-1.873","0.298","-0.392"
"931795","2","-1.790","0.248","-0.340"
"931796","1","0.141","1.253","0.777"
"931801","2","-1.659","0.192","-0.277"
"931805","1","0.153","-0.113","0.705"
"931807","2","-1.498","0.113","-0.213"
"931810","2","-1.313","0.031","-0.157"
"931811","1","0.247","-0.655","0.433"
"931815","1","0.323","-1.113","0.186"
"931816","2","-1.119","-0.022","-0.097"
"931821","2","-0.973","-0.049","-0.018"
"931821","1","0.348","-1.561","0.105"
"931825","2","-0.919","-0.064","0.055"
"931831","1","0.404","-2.376","0.466"
"931832","2","-1.014","-0.062","0.094"
"931835","2","-1.290","-0.062","0.092"
"931836","1","0.440","-2.581","0.728"
"931841","2","-1.732","-0.050","0.024"
"931842","1","0.361","-2.573","0.877"
"931846","1","0.254","-2.394","0.877"
"931846","2","-2.305","-0.019","-0.111"
"931851","2","-2.986","0.029","-0.270"
"931852","1","0.188","-2.082","0.802"
"931858","2","-3.742","0.082","-0.449"
"931861","2","-4.533","0.138","-0.653"
"931862","1","0.022","-1.209","0.581"
"931866","1","-0.128","-0.737","0.550"
"931866","2","-5.332","0.187","-0.860"
"931871","2","-6.111","0.224","-1.048"
"931872","1","-0.326","-0.246","0.509"
"931876","1","-0.518","0.230","0.439"
"931877","2","-6.828","0.257","-1.188"
"931883","2","-7.466","0.289","-1.286"
"931886","1","-0.638","0.586","0.318"
"931888","2","-8.050","0.319","-1.356"
"931892","2","-8.644","0.371","-1.407"
"931892","1","-0.410","0.534","0.354"
"931897","1","-0.161","0.590","0.359"
"931897","2","-9.261","0.473","-1.456"
"931902","1","-0.072","0.590","0.223"
"931903","2","-9.840","0.601","-1.540"
"931907","2","-10.393","0.717","-1.675"
"931908","1","0.010","0.385","0.114"
"931914","2","-10.973","0.823","-1.830"
"931917","2","-11.599","0.937","-1.986"
"931918","1","0.395","-0.031","0.097"
"931922","2","-12.305","1.036","-2.141"
"931922","1","0.482","0.023","0.169"
"931927","2","-13.101","1.085","-2.307"
"931928","1","0.428","0.576","0.266"
"931932","1","0.301","1.632","0.262"
"931932","2","-13.960","1.088","-2.452"
"931937","2","-14.940","1.061","-2.523"
"931943","1","0.140","4.014","0.535"
"931944","2","-16.113","1.024","-2.538"
"931947","2","-17.323","1.004","-2.550"
"931948","1","0.158","5.176","0.362"
"931952","1","0.313","6.372","-0.216"
"931953","2","-17.463","1.011","-2.620"
"931957","2","-17.451","1.067","-2.741"
"931958","1","0.508","7.498","-1.022"
"931963","1","0.584","8.453","-1.804"
"931963","2","-17.458","1.156","-2.860"
"931968","1","0.420","9.121","-2.598"
"931973","2","-17.463","1.324","-2.966"
"931974","1","0.150","9.499","-3.367"
"931978","2","-17.463","1.346","-2.928"
"931978","1","-0.085","9.659","-4.056"
"931983","2","-17.463","1.323","-2.833"
"931983","1","-0.114","9.811","-4.799"
"931988","2","-17.463","1.236","-2.707"
"931988","1","-0.009","10.080","-5.865"
"931993","2","-17.463","1.059","-2.533"
"931999","2","-17.463","0.827","-2.284"
"932000","1","0.329","10.345","-8.695"
"932003","1","0.598","9.473","-10.239"
"932003","2","-17.463","0.599","-2.026"
"932008","1","0.699","7.964","-12.027"
"932008","2","-17.463","0.401","-1.886"
"932013","1","0.702","6.063","-13.835"
"932014","2","-17.463","0.250","-1.854"
"932018","1","0.818","3.830","-15.110"
"932019","2","-17.064","0.166","-1.842"
"932023","2","-14.568","0.107","-1.735"
"932028","2","-11.307","0.112","-1.532"
"932029","1","1.739","-2.088","-15.563"
"932033","2","-8.002","0.237","-1.255"
"932034","1","2.829","-4.954","-15.125"
"932038","2","-4.550","0.415","-0.916"
"932039","1","3.566","-6.922","-14.117"
"932043","2","-1.174","0.515","-0.479"
"932044","1","3.335","-7.725","-12.614"
"932049","2","1.783","0.618","-0.032"
"932055","2","4.133","0.835","0.304"
"932055","1","2.500","-6.687","-9.976"
"932059","2","5.818","1.092","0.500"
"932059","1","2.234","-5.144","-8.528"
"932064","2","6.732","1.224","0.633"
"932064","1","1.785","-3.125","-6.045"
"932069","2","6.934","1.159","0.841"
"932069","1","1.161","-0.544","-3.161"
"932074","2","6.586","0.970","1.100"
"932075","1","0.349","1.506","-0.845"
"932081","1","-0.320","2.000","0.435"
"932084","2","5.164","0.608","1.151"
"932085","1","-0.640","1.106","0.738"
"932089","2","4.478","0.426","0.961"
"932091","1","-0.769","-0.215","0.524"
"932094","2","3.860","0.224","0.768"
"932095","1","-0.684","-1.056","0.272"
"932099","2","3.284","0.063","0.629"
"932100","1","-0.163","-0.791","-0.024"
"932104","2","2.649","-0.037","0.515"
"932109","1","0.403","1.737","0.262"
"932110","2","1.866","-0.044","0.369"
"932114","1","0.687","3.311","0.559"
"932115","2","0.961","0.041","0.217"
"932121","2","0.043","0.144","0.097"
"932121","1","0.779","4.584","0.479"
"932124","1","0.718","4.878","0.370"
"932125","2","-0.786","0.207","0.016"
"932129","2","-1.393","0.250","-0.029"
"932130","1","0.520","4.191","-0.089"
"932135","1","0.391","2.907","-0.793"
"932139","2","-1.679","0.285","-0.080"
"932140","1","0.288","1.679","-1.505"
"932145","2","-1.431","0.253","-0.066"
"932145","1","0.197","0.933","-1.963"
"932150","2","-1.048","0.205","-0.014"
"932150","1","0.115","0.602","-2.184"
"932154","2","-0.602","0.167","0.065"
"932155","1","0.061","0.471","-2.278"
"932159","2","-0.113","0.153","0.138"
"932165","2","0.425","0.168","0.187"
"932165","1","0.096","0.202","-2.230"
"932170","2","1.000","0.161","0.264"
"932170","1","0.058","0.182","-2.047"
"932175","2","1.571","0.117","0.377"
"932175","1","0.094","0.088","-1.851"
"932180","2","2.114","0.089","0.479"
"932180","1","0.129","-0.274","-1.936"
"932185","2","2.653","0.101","0.528"
"932185","1","0.065","-0.596","-2.125"
"932192","1","0.173","-0.663","-1.931"
"932196","2","3.656","0.069","0.664"
"932196","1","0.292","-0.395","-1.789"
"932200","2","4.119","0.081","0.692"
"932201","1","0.145","-0.421","-2.068"
"932205","2","4.591","0.114","0.653"
"932205","1","0.166","-0.528","-2.191"
"932210","2","5.064","0.090","0.675"
"932211","1","0.243","-0.242","-1.871"
"932215","2","5.560","0.058","0.725"
"932221","2","6.087","0.056","0.739"
"932221","1","0.025","-0.031","-2.189"
"932225","2","6.637","0.034","0.780"
"932226","1","0.224","-0.104","-2.286"
"932231","2","7.234","0.007","0.863"
"932232","1","0.336","-0.475","-2.821"
"932241","1","0.454","-0.746","-2.947"
"932242","2","8.605","-0.065","1.029"
"932245","1","0.446","-1.028","-3.453"
"932246","2","9.367","-0.143","1.140"
"932254","2","10.107","-0.186","1.223"
"932261","1","1.355","-1.252","-5.202"
"932262","2","11.525","-0.197","1.501"
"932266","1","1.584","-0.922","-5.487"
"932266","2","12.180","-0.193","1.664"
"932271","2","12.788","-0.184","1.827"
"932271","1","1.705","-0.662","-5.659"
"932275","2","13.367","-0.179","1.989"
"932276","1","1.712","-0.396","-5.838"
"932281","2","13.954","-0.188","2.161"
"932286","2","14.540","-0.219","2.350"
"932287","1","1.290","-0.085","-6.396"
"932291","2","15.113","-0.282","2.550"
"932292","1","0.980","-0.044","-6.428"
"932296","2","15.687","-0.381","2.744"
"932297","1","0.619","0.001","-6.435"
"932301","2","16.241","-0.517","2.930"
"932302","1","0.287","-0.018","-6.384"
"932306","2","16.751","-0.674","3.085"
"932306","1","0.055","-0.143","-6.538"
"932313","1","-0.169","-0.293","-6.841"
"932317","2","17.443","-0.993","3.295"
"932317","1","-0.164","-0.182","-6.978"
"932321","2","17.443","-1.106","3.365"
"932322","1","-0.042","0.108","-7.200"
"932326","2","17.439","-1.207","3.364"
"932327","1","0.050","0.393","-7.593"
"932332","2","17.443","-1.257","3.343"
"932332","1","0.265","0.484","-8.003"
"932337","2","17.443","-1.257","3.384"
"932343","2","17.443","-1.255","3.437"
"932343","1","1.162","0.667","-7.455"
"932347","1","1.010","0.718","-6.876"
"932348","2","17.443","-1.305","3.476"
"932352","2","17.442","-1.366","3.531"
"932352","1","0.715","0.492","-6.106"
"932357","2","17.245","-1.384","3.581"
"932357","1","0.446","0.404","-5.176"
"932362","2","16.673","-1.369","3.554"
"932362","1","0.072","0.853","-4.050"
"932367","1","-0.133","1.679","-2.789"
"932372","1","-0.240","2.548","-1.415"
"932373","2","14.848","-1.263","3.298"
"932377","1","-0.381","3.003","-0.013"
"932378","2","13.649","-1.196","3.077"
"932382","2","12.343","-1.134","2.768"
"932383","1","-0.545","2.849","1.139"
"932387","1","-0.726","2.550","2.096"
"932388","2","10.925","-1.052","2.534"
"932392","2","9.445","-0.951","2.371"
"932398","2","7.875","-0.866","2.151"
"932398","1","-1.077","3.195","3.482"
"932402","1","-1.075","3.416","3.906"
"932403","2","6.174","-0.785","1.866"
"932407","2","4.502","-0.656","1.496"
"932408","1","-1.052","3.568","3.551"
"932412","1","-0.956","3.226","3.103"
"932413","2","2.933","-0.536","1.075"
"932417","2","1.559","-0.414","0.685"
"932418","1","-0.674","2.549","2.591"
"932425","2","0.534","-0.271","0.344"
"932428","2","-0.157","-0.158","0.125"
"932428","1","-0.335","1.279","1.314"
"932432","1","-0.370","0.410","1.389"
"932433","2","-0.627","-0.129","0.041"
"932437","2","-0.910","-0.156","0.017"
"932438","1","-0.629","-0.391","1.632"
"932443","2","-0.989","-0.168","0.033"
"932443","1","-0.812","-1.351","1.475"
"932447","2","-0.886","-0.184","0.070"
"932454","1","-0.864","-3.965","1.355"
"932454","2","-0.642","-0.226","0.113"
"932459","2","-0.290","-0.277","0.169"
"932460","1","-0.916","-5.016","1.348"
"932463","1","-0.814","-5.491","1.174"
"932463","2","0.089","-0.294","0.263"
"932468","2","0.420","-0.303","0.354"
"932469","1","-0.548","-5.602","1.256"
"932473","1","-0.673","-5.708","1.623"
"932473","2","0.682","-0.341","0.399"
"932478","1","-0.610","-5.589","1.684"
"932484","2","1.001","-0.338","0.475"
"932484","1","-0.434","-5.451","1.796"
"932488","1","-0.528","-5.329","1.979"
"932489","2","1.053","-0.365","0.474"
"932493","2","1.042","-0.397","0.463"
"932494","1","-0.626","-5.035","1.992"
"932498","1","-0.674","-4.578","1.912"
"932499","2","0.969","-0.419","0.444"
"932503","2","0.863","-0.437","0.429"
"932509","2","0.734","-0.460","0.421"
"932510","1","-0.585","-3.588","1.639"
"932513","1","-0.590","-3.186","1.520"
"932514","2","0.613","-0.486","0.423"
"932518","2","0.520","-0.521","0.426"
"932519","1","-0.653","-2.903","1.520"
"932523","2","0.446","-0.553","0.428"
"932524","1","-0.630","-2.737","1.552"
"932528","2","0.394","-0.567","0.429"
"932529","1","-0.559","-2.580","1.499"
"932534","2","0.357","-0.557","0.425"
"932539","2","0.326","-0.538","0.421"
"932540","1","-0.361","-2.294","1.468"
"932544","1","-0.365","-2.090","1.580"
"932545","2","0.297","-0.524","0.423"
"932549","1","-0.323","-1.955","1.689"
"932549","2","0.276","-0.521","0.431"
"932554","2","0.248","-0.522","0.432"
"932555","1","-0.276","-1.913","1.866"
"932559","2","0.207","-0.525","0.429"
"932565","2","0.176","-0.527","0.409"
"932566","1","-0.076","-2.070","1.936"
"932570","2","0.158","-0.531","0.389"
"932570","1","-0.045","-2.231","2.026"
"932574","2","0.143","-0.542","0.363"
"932575","1","0.038","-2.226","2.184"
"932579","2","0.128","-0.548","0.320"
"932580","1","0.129","-2.228","2.272"
"932584","2","0.117","-0.546","0.254"
"932585","1","0.309","-2.399","2.245"
"932590","1","0.483","-2.708","2.167"
"932595","2","0.085","-0.522","0.133"
"932596","1","0.518","-2.997","2.152"
"932600","2","0.070","-0.509","0.100"
"932600","1","0.529","-3.230","2.274"
"932605","2","0.043","-0.488","0.074"
"932605","1","0.589","-3.375","2.366"
"932610","2","-0.017","-0.456","0.057"
"932610","1","0.664","-3.395","2.373"
"932615","2","-0.102","-0.414","0.059"
"932621","1","0.671","-3.184","2.450"
"932621","2","-0.223","-0.363","0.050"
"932625","2","-0.408","-0.303","0.056"
"932625","1","0.746","-3.337","2.427"
"932630","2","-0.620","-0.221","0.089"
"932631","1","0.756","-3.396","2.245"
"932635","2","-0.750","-0.110","0.122"
"932635","1","0.579","-3.576","1.881"
"932640","2","-0.772","-0.016","0.136"
"932641","1","0.403","-3.896","1.836"
"932646","1","0.360","-4.147","2.028"
"932651","2","-0.662","0.068","0.186"
"932651","1","0.372","-4.188","2.036"
"932655","2","-0.560","0.092","0.234"
"932656","1","0.469","-4.062","2.055"
"932660","2","-0.440","0.141","0.298"
"932661","1","0.576","-4.043","2.172"
"932665","2","-0.337","0.211","0.366"
"932666","1","0.658","-4.067","2.324"
"932670","2","-0.249","0.285","0.441"
"932675","2","-0.164","0.344","0.515"
"932676","1","0.522","-4.268","2.941"
"932681","1","0.372","-4.507","3.187"
"932681","2","-0.088","0.368","0.596"
"932685","2","-0.019","0.387","0.669"
"932686","1","0.314","-4.659","3.226"
"932691","1","0.203","-4.750","3.211"
"932691","2","0.050","0.393","0.731"
"932695","1","0.074","-4.842","3.291"
"932696","2","0.114","0.397","0.780"
"932701","2","0.161","0.387","0.825"
"932706","1","-0.021","-4.963","3.250"
"932707","2","0.190","0.379","0.858"
"932711","2","0.199","0.376","0.871"
"932712","1","-0.019","-4.807","2.871"
"932716","1","-0.045","-4.384","2.578"
"932716","2","0.206","0.375","0.905"
"932721","2","0.194","0.365","0.980"
"932721","1","-0.139","-4.136","2.422"
"932726","1","-0.236","-3.923","2.444"
"932732","2","0.122","0.318","1.156"
"932733","1","-0.373","-3.838","2.495"
"932736","2","0.078","0.307","1.231"
"932737","1","-0.513","-3.770","2.351"
"932741","2","0.050","0.294","1.281"
"932741","1","-0.715","-3.767","2.253"
"932746","2","0.043","0.260","1.313"
"932747","1","-0.757","-3.537","2.263"
"932751","2","0.037","0.210","1.391"
"932752","1","-0.836","-3.573","2.366"
"932759","1","-0.929","-3.615","2.388"
"932762","1","-1.003","-3.581","2.304"
"932762","2","0.029","0.108","1.573"
"932766","1","-1.060","-3.572","2.152"
"932767","2","0.049","0.045","1.645"
"932771","2","0.059","-0.032","1.695"
"932772","1","-1.143","-3.606","2.106"
"932776","2","0.079","-0.101","1.726"
"932777","1","-1.187","-3.317","2.144"
"932781","1","-1.229","-3.053","1.968"
"932787","1","-1.316","-2.935","1.821"
"932788","2","0.168","-0.243","1.841"
"932792","2","0.219","-0.328","1.898"
"932793","1","-1.375","-2.852","1.802"
"932796","2","0.276","-0.433","1.964"
"932797","1","-1.481","-2.829","1.842"
"932802","1","-1.519","-2.779","1.694"
"932802","2","0.330","-0.533","2.024"
"932807","1","-1.538","-2.685","1.444"
"932807","2","0.396","-0.634","2.073"
"932812","1","-1.531","-2.578","1.224"
"932817","2","0.548","-0.815","2.147"
"932818","1","-1.539","-2.539","1.205"
"932822","2","0.621","-0.889","2.175"
"932822","1","-1.535","-2.564","1.089"
"932827","2","0.683","-0.950","2.196"
"932827","1","-1.509","-2.605","0.896"
"932832","1","-1.492","-2.683","0.631"
"932832","2","0.724","-1.005","2.202"
"932837","1","-1.488","-2.772","0.415"
"932843","1","-1.594","-3.002","0.222"
"932843","2","0.782","-1.106","2.174"
"932847","2","0.808","-1.162","2.138"
"932848","1","-1.665","-3.200","0.114"
"932852","1","-1.732","-3.088","-0.174"
"932852","2","0.852","-1.224","2.073"
"932857","1","-1.748","-2.872","-0.479"
"932857","2","0.925","-1.285","1.997"
"932862","2","1.007","-1.348","1.920"
"932863","1","-1.715","-2.582","-0.833"
"932869","1","-1.701","-2.301","-1.239"
"932872","2","1.129","-1.426","1.836"
"932873","1","-1.661","-1.981","-1.598"
"932877","2","1.147","-1.428","1.828"
"932878","1","-1.617","-1.597","-1.971"
"932882","1","-1.591","-1.227","-2.352"
"932883","2","1.134","-1.390","1.826"
"932887","2","1.069","-1.318","1.825"
"932888","1","-1.541","-1.001","-2.645"
"932893","1","-1.450","-0.876","-2.761"
"932898","2","0.788","-1.108","1.838"
"932899","1","-1.339","-0.728","-2.746"
"932903","1","-1.216","-0.658","-2.636"
"932904","2","0.607","-0.988","1.839"
"932908","2","0.429","-0.857","1.832"
"932908","1","-1.120","-0.723","-2.450"
"932913","2","0.272","-0.715","1.803"
"932913","1","-1.052","-0.816","-2.290"
"932918","2","0.161","-0.567","1.751"
"932919","1","-0.964","-0.887","-2.143"
"932923","1","-0.858","-0.924","-2.034"
"932928","1","-0.827","-0.973","-2.008"
"932929","2","0.079","-0.279","1.605"
"932933","2","0.103","-0.136","1.525"
"932934","1","-0.820","-1.036","-1.920"
"932938","1","-0.832","-1.112","-1.710"
"932939","2","0.158","0.001","1.457"
"932943","2","0.241","0.125","1.399"
"932944","1","-0.870","-1.187","-1.471"
"932948","1","-0.949","-1.241","-1.206"
"932954","2","0.469","0.313","1.283"
"932955","1","-1.036","-1.237","-0.970"
"932958","2","0.597","0.372","1.223"
"932959","1","-1.133","-1.226","-0.638"
"932963","2","0.718","0.405","1.169"
"932964","1","-1.195","-1.253","-0.218"
"932968","1","-1.246","-1.268","0.168"
"932969","2","0.817","0.416","1.125"
"932973","2","0.902","0.404","1.074"
"932974","1","-1.297","-1.218","0.427"
"932981","2","0.980","0.379","1.011"
"932984","2","1.037","0.353","0.936"
"932984","1","-1.334","-0.986","0.558"
"932989","1","-1.345","-0.853","0.512"
"932989","2","1.071","0.336","0.866"
"932994","2","1.082","0.332","0.804"
"932994","1","-1.344","-0.682","0.460"
"932999","1","-1.351","-0.488","0.360"
"932999","2","1.074","0.340","0.749"
"933004","2","1.055","0.358","0.702"
"933010","1","-1.352","-0.283","0.279"
"933010","2","1.014","0.379","0.669"
"933014","1","-1.365","-0.305","0.384"
"933015","2","0.950","0.393","0.654"
"933019","1","-1.409","-0.345","0.540"
"933020","2","0.871","0.393","0.648"
"933024","2","0.787","0.380","0.633"
"933025","1","-1.458","-0.362","0.648"
"933029","1","-1.518","-0.378","0.664"
"933030","2","0.703","0.356","0.609"
"933035","1","-1.539","-0.382","0.690"
"933041","2","0.532","0.285","0.540"
"933041","1","-1.539","-0.394","0.704"
"933045","2","0.445","0.250","0.508"
"933046","1","-1.537","-0.394","0.662"
"933050","2","0.361","0.222","0.476"
"933050","1","-1.511","-0.370","0.552"
"933054","2","0.278","0.204","0.447"
"933055","1","-1.488","-0.334","0.404"
"933059","2","0.201","0.200","0.422"
"933069","2","0.057","0.226","0.368"
"933070","1","-1.446","-0.525","0.023"
"933075","1","-1.423","-0.658","-0.059"
"933075","2","0.009","0.254","0.350"
"933080","1","-1.429","-0.776","-0.167"
"933081","2","-0.013","0.287","0.334"
"933085","1","-1.465","-0.907","-0.266"
"933086","2","-0.011","0.319","0.320"
"933090","1","-1.524","-1.078","-0.283"
"933091","2","0.012","0.344","0.311"
"933095","2","0.048","0.368","0.304"
"933101","1","-1.592","-1.365","-0.169"
"933101","2","0.094","0.376","0.291"
"933105","1","-1.634","-1.407","-0.109"
"933105","2","0.147","0.374","0.274"
"933110","2","0.204","0.362","0.255"
"933110","1","-1.652","-1.396","-0.016"
"933115","2","0.252","0.344","0.240"
"933115","1","-1.637","-1.329","0.130"
"933120","2","0.287","0.322","0.223"
"933126","1","-1.610","-1.108","0.429"
"933127","2","0.309","0.295","0.208"
"933131","2","0.308","0.269","0.194"
"933132","1","-1.574","-1.022","0.554"
"933135","2","0.292","0.242","0.186"
"933136","1","-1.525","-0.972","0.582"
"933140","2","0.260","0.217","0.179"
"933141","1","-1.476","-0.921","0.602"
"933145","2","0.221","0.198","0.180"
"933146","1","-1.428","-0.920","0.652"
"933153","1","-1.403","-0.984","0.715"
"933156","2","0.139","0.186","0.180"
"933156","1","-1.432","-1.111","0.763"
"933161","2","0.107","0.189","0.172"
"933161","1","-1.471","-1.293","0.782"
"933166","2","0.091","0.189","0.164"
"933166","1","-1.501","-1.469","0.787"
"933171","2","0.088","0.187","0.153"
"933171","1","-1.552","-1.613","0.781"
"933176","2","0.095","0.172","0.140"
"933182","2","0.117","0.147","0.124"
"933182","1","-1.683","-1.819","0.857"
"933186","2","0.143","0.118","0.110"
"933186","1","-1.701","-1.838","0.858"
"933191","2","0.169","0.084","0.097"
"933191","1","-1.732","-1.782","0.815"
"933196","2","0.196","0.045","0.090"
"933197","1","-1.747","-1.656","0.774"
"933201","2","0.221","0.009","0.096"
"933202","1","-1.729","-1.484","0.724"
"933208","1","-1.687","-1.295","0.654"
"933211","2","0.232","-0.061","0.128"
"933212","1","-1.638","-1.099","0.619"
"933216","2","0.218","-0.090","0.152"
"933217","1","-1.575","-0.958","0.638"
"933221","2","0.184","-0.109","0.179"
"933222","1","-1.506","-0.889","0.663"
"933226","2","0.134","-0.121","0.203"
"933226","1","-1.421","-0.856","0.661"
"933231","1","-1.339","-0.862","0.574"
"933237","2","0.043","-0.113","0.228"
"933237","1","-1.288","-0.917","0.464"
"933242","2","0.009","-0.088","0.241"
"933242","1","-1.233","-1.014","0.433"
"933247","1","-1.184","-1.169","0.473"
"933247","2","-0.014","-0.063","0.260"
"933252","2","-0.027","-0.040","0.269"
"933252","1","-1.158","-1.369","0.484"
"933258","2","-0.021","-0.019","0.262"
"933258","1","-1.161","-1.572","0.443"
"933264","1","-1.190","-1.735","0.433"
"933267","2","0.033","0.025","0.236"
"933268","1","-1.241","-1.832","0.459"
"933272","2","0.075","0.045","0.217"
"933272","1","-1.323","-1.890","0.494"
"933277","2","0.116","0.059","0.201"
"933277","1","-1.394","-1.931","0.592"
"933282","2","0.155","0.058","0.188"
"933282","1","-1.449","-1.912","0.717"
"933287","2","0.188","0.045","0.172"
"933292","1","-1.561","-1.784","0.965"
"933293","2","0.211","0.017","0.162"
"933297","1","-1.616","-1.682","1.139"
"933297","2","0.218","-0.021","0.153"
"933302","2","0.210","-0.060","0.144"
"933303","1","-1.605","-1.568","1.275"
"933307","2","0.195","-0.103","0.131"
"933308","1","-1.603","-1.488","1.301"
"933312","1","-1.582","-1.458","1.262"
"933313","2","0.175","-0.137","0.116"
"933319","1","-1.494","-1.435","1.177"
"933323","2","0.140","-0.173","0.102"
"933323","1","-1.403","-1.438","1.079"
"933327","1","-1.321","-1.459","1.026"
"933328","2","0.128","-0.176","0.102"
"933333","2","0.120","-0.173","0.092"
"933333","1","-1.233","-1.456","0.972"
"933337","2","0.115","-0.165","0.080"
"933338","1","-1.175","-1.467","0.882"
"933343","2","0.106","-0.148","0.065"
"933348","1","-1.102","-1.333","0.768"
"933350","2","0.104","-0.131","0.055"
"933353","2","0.101","-0.120","0.048"
"933353","1","-1.142","-1.169","0.392"
"933357","2","0.071","-0.150","0.034"
"933358","1","-1.004","-0.320","-1.087"
"933363","1","-0.374","0.471","-0.747"
"933363","2","-0.064","-0.027","0.032"
"933369","2","-0.281","0.128","0.109"
"933370","1","-0.057","-0.904","2.560"
"933389","1","-2.040","-2.127","1.479"
"933390","2","0.011","0.060","0.008"
"933393","1","-2.269","-2.183","1.980"
"933395","2","0.115","-0.097","-0.031"
"933398","2","0.199","-0.215","-0.076"
"933399","1","-2.180","-2.072","2.011"
"933403","2","0.239","-0.291","-0.123"
"933404","1","-1.842","-1.671","1.667"
"933408","2","0.229","-0.350","-0.153"
"933409","1","-1.483","-1.188","1.149"
